Agent_Code,recent_mth,tt_active_mth,tt_fin,avg_fin_active,order
2221309,9,15,698,46.53333333333333,1st
3070147,8,3,237,79,2nd
3070466,8,5,14,2.8,2nd
3070607,15,2,4,2,3rd
3070772,21,3,44,14.666666666666666,3rd
3070867,15,2,14,7,3rd
3071170,10,1,1,1,2nd
3071442,12,11,446,40.54545454545455,1st
3072149,22,2,180,90,3rd
3080009,17,1,11,11,3rd
3080084,21,3,16,5.333333333333333,3rd
3080222,20,1,4,4,3rd
3080518,7,6,18,3,1st
3080601,14,2,20,10,2nd
3080616,15,1,18,18,3rd
3080683,7,1,6,6,2nd
3080781,20,3,68,22.666666666666668,3rd
3080815,10,10,1501,150.1,1st
3080861,19,3,89,29.666666666666668,3rd
3080910,9,1,2,2,2nd
3080946,21,3,42,14,3rd
3081219,16,3,10,3.3333333333333335,3rd
3081255,8,4,734,183.5,2nd
3081354,3,7,149,21.285714285714285,1st
3081459,13,9,393,43.666666666666664,1st
3081774,16,3,25,8.333333333333334,3rd
3081983,9,7,24,3.4285714285714284,1st
3081995,21,1,29,29,3rd
3082124,17,6,124,20.666666666666668,2nd
3082364,12,1,2,2,2nd
3082635,18,4,817,204.25,3rd
3082663,21,1,2,2,3rd
3090021,19,2,15,7.5,3rd
3090080,18,1,3,3,3rd
3090264,22,1,1,1,3rd
3090739,17,6,68,11.333333333333334,2nd
3090761,15,9,627,69.66666666666667,2nd
3090920,14,1,6,6,2nd
3090945,18,2,3,1.5,3rd
3090946,11,7,87,12.428571428571429,1st
3091007,17,1,20,20,3rd
3091310,9,4,484,121,2nd
3091321,23,1,19,19,3rd
3091359,17,5,57,11.4,3rd
3091401,21,3,63,21,3rd
3091402,12,6,152,25.333333333333332,1st
3091416,22,2,36,18,3rd
3091417,23,1,6,6,3rd
3091533,17,1,2,2,3rd
3100140,23,1,7,7,3rd
3100216,19,2,24,12,3rd
3100409,19,4,92,23,3rd
3100412,15,6,165,27.5,2nd
3100474,8,6,3464,577.3333333333334,1st
3100520,6,7,1608,229.71428571428572,1st
3100714,10,6,288,48,1st
3100721,17,4,192,48,3rd
3100762,20,3,29,9.666666666666666,3rd
3100808,23,1,34,34,3rd
3100959,14,1,6,6,2nd
3101015,12,2,36,18,2nd
3101194,7,4,6,1.5,2nd
3101264,20,4,174,43.5,3rd
3101390,9,6,19,3.1666666666666665,1st
3101531,20,3,144,48,3rd
3101588,7,6,50,8.333333333333334,1st
3101732,23,1,10,10,3rd
3101819,11,4,7,1.75,2nd
3101897,9,6,101,16.833333333333332,1st
3101902,7,8,3016,377,1st
3110573,23,1,8,8,3rd
3110593,20,4,41,10.25,3rd
3110597,18,1,1,1,3rd
3110608,20,4,86,21.5,3rd
3110625,13,11,1076,97.81818181818181,1st
3110667,12,3,42,14,2nd
3110927,7,9,434,48.22222222222222,1st
3110951,14,3,9,3,2nd
3110992,8,9,2119,235.44444444444446,1st
3111011,7,3,148,49.333333333333336,2nd
3111066,12,5,9,1.8,2nd
3111133,7,2,3,1.5,2nd
3111135,15,9,659,73.22222222222223,2nd
3111179,23,1,10,10,3rd
3111262,8,5,1637,327.4,2nd
3111499,20,2,34,17,3rd
3111501,23,1,3,3,3rd
3111537,1,1,17,17,2nd
3111586,14,5,180,36,2nd
3111607,21,3,8,2.6666666666666665,3rd
3111677,8,11,207,18.818181818181817,1st
3111748,13,1,6,6,2nd
3111818,15,8,51,6.375,2nd
3111872,22,2,409,204.5,3rd
3112124,7,10,901,90.1,1st
3112233,7,4,7,1.75,2nd
3112339,7,11,143,13,1st
3112624,22,2,13,6.5,3rd
3112833,12,2,7,3.5,2nd
3112869,9,11,1614,146.72727272727272,1st
3112893,13,2,5,2.5,2nd
3112918,16,5,110,22,3rd
3112936,21,1,1,1,3rd
3113000,7,7,1132,161.71428571428572,1st
3113009,8,5,336,67.2,2nd
3113099,7,1,1,1,2nd
3113142,10,2,12,6,2nd
3113158,19,3,44,14.666666666666666,3rd
3113190,8,9,57,6.333333333333333,1st
3113234,13,9,65,7.222222222222222,1st
3113259,23,1,3,3,3rd
3113287,15,6,106,17.666666666666668,2nd
3113343,13,9,132,14.666666666666666,1st
3113345,10,9,186,20.666666666666668,1st
3113403,10,5,85,17,2nd
3113442,19,1,6,6,3rd
3113498,23,1,13,13,3rd
3113549,22,2,6,3,3rd
3120048,20,2,13,6.5,3rd
3120103,21,2,16,8,3rd
3120111,21,2,23,11.5,3rd
3120149,6,1,3,3,2nd
3120231,21,3,99,33,3rd
3120236,10,1,9,9,2nd
3120243,21,3,222,74,3rd
3120278,18,2,7,3.5,3rd
3120285,16,2,19,9.5,3rd
3120314,9,3,45,15,2nd
3120355,8,2,39,19.5,2nd
3120370,8,13,487,37.46153846153846,1st
3120399,17,1,4,4,3rd
3120403,22,2,15,7.5,3rd
3120429,7,9,151,16.77777777777778,1st
3120457,16,1,6,6,3rd
3120467,22,2,32,16,3rd
3120491,18,3,117,39,3rd
3120497,14,8,101,12.625,1st
3120532,8,1,4,4,2nd
3120542,7,2,9,4.5,2nd
3120572,15,4,886,221.5,3rd
3120587,22,1,4,4,3rd
3120659,16,8,145,18.125,2nd
3120665,11,3,127,42.333333333333336,2nd
3120666,21,3,57,19,3rd
3120711,7,5,14,2.8,2nd
3120714,8,14,503,35.92857142857143,1st
3120735,9,3,36,12,2nd
3120751,13,3,30,10,2nd
3120772,18,3,22,7.333333333333333,3rd
3120789,15,4,47,11.75,3rd
3120795,13,3,21,7,2nd
3120874,20,1,8,8,3rd
3120929,18,6,119,19.833333333333332,2nd
3120934,9,12,166,13.833333333333334,1st
3120969,11,9,946,105.11111111111111,1st
3120975,13,1,11,11,2nd
3121017,21,3,7,2.3333333333333335,3rd
3121029,17,4,940,235,3rd
3121109,21,2,3,1.5,3rd
3121188,22,2,9,4.5,3rd
3121202,22,2,10,5,3rd
3121208,7,2,3,1.5,2nd
3121254,23,1,2,2,3rd
3121331,22,1,4,4,3rd
3121362,17,7,1165,166.42857142857142,2nd
3121391,14,10,173,17.3,1st
3121405,9,1,1,1,2nd
3121437,12,3,33,11,2nd
3121448,15,9,224,24.88888888888889,2nd
3130060,12,6,180,30,1st
3130137,19,3,63,21,3rd
3130142,9,9,80,8.88888888888889,1st
3130184,7,2,9,4.5,2nd
3130197,11,4,10,2.5,2nd
3130211,14,10,141,14.1,1st
3130217,14,10,718,71.8,1st
3130220,15,6,112,18.666666666666668,2nd
3130238,13,8,819,102.375,1st
3130314,21,1,10,10,3rd
3130322,20,4,16,4,3rd
3130348,15,1,2,2,3rd
3130445,11,3,22,7.333333333333333,2nd
3130450,21,2,8,4,3rd
3130454,20,4,115,28.75,3rd
3130463,21,1,3,3,3rd
3130530,18,5,26,5.2,3rd
3130537,19,5,115,23,3rd
3130551,20,3,116,38.666666666666664,3rd
3130555,16,7,292,41.714285714285715,2nd
3130577,18,6,1035,172.5,2nd
3130596,19,5,57,11.4,3rd
3130598,22,2,19,9.5,3rd
3130599,19,5,522,104.4,3rd
3130602,14,6,1660,276.6666666666667,1st
3130617,22,2,11,5.5,3rd
3130618,22,2,37,18.5,3rd
3130620,18,4,725,181.25,3rd
3130624,17,6,2141,356.8333333333333,2nd
3130625,20,3,1311,437,3rd
3130647,10,11,1949,177.1818181818182,1st
3130666,7,9,2080,231.11111111111111,1st
3130670,10,1,3,3,2nd
3130716,15,3,32,10.666666666666666,3rd
3130738,23,1,2,2,3rd
3130751,7,9,1752,194.66666666666666,1st
3130764,10,13,245,18.846153846153847,1st
3130780,9,11,133,12.090909090909092,1st
3130811,9,14,331,23.642857142857142,1st
3130868,9,15,427,28.466666666666665,1st
3130936,7,9,3280,364.44444444444446,1st
3130940,7,11,514,46.72727272727273,1st
3130971,9,6,420,70,1st
3130981,12,5,1443,288.6,2nd
3130988,15,8,211,26.375,2nd
3131024,16,3,55,18.333333333333332,3rd
3131031,12,4,30,7.5,2nd
3131065,9,2,86,43,2nd
3131083,16,5,110,22,3rd
3140004,12,6,32,5.333333333333333,1st
3140017,23,1,2,2,3rd
3140041,18,4,36,9,3rd
3140046,12,5,167,33.4,2nd
3140060,18,1,2,2,3rd
3140072,7,12,309,25.75,1st
3140079,8,6,165,27.5,1st
3140081,11,2,11,5.5,2nd
3140155,8,16,2377,148.5625,1st
3140187,7,5,150,30,2nd
3140195,8,11,1245,113.18181818181819,1st
3140223,14,9,945,105,1st
3140224,23,1,2,2,3rd
3140230,18,4,45,11.25,3rd
3140250,16,8,1023,127.875,2nd
3140252,20,3,215,71.66666666666667,3rd
3140254,23,1,13,13,3rd
3140256,19,5,170,34,3rd
3140282,12,5,81,16.2,2nd
3140287,14,10,255,25.5,1st
3140428,19,4,81,20.25,3rd
3140440,17,5,31,6.2,3rd
3140453,17,7,1616,230.85714285714286,2nd
3140462,23,1,2,2,3rd
3140473,14,3,77,25.666666666666668,2nd
3140476,22,2,26,13,3rd
3140477,12,7,142,20.285714285714285,1st
3140489,9,1,4,4,2nd
3140495,20,3,13,4.333333333333333,3rd
3140516,22,1,13,13,3rd
3140581,14,2,9,4.5,2nd
3140592,22,1,11,11,3rd
3140607,19,3,41,13.666666666666666,3rd
3140610,9,9,460,51.111111111111114,1st
3140612,16,1,1,1,3rd
3140618,19,4,805,201.25,3rd
3140621,20,3,90,30,3rd
3140626,21,3,147,49,3rd
3140628,7,6,124,20.666666666666668,1st
3140631,23,1,2,2,3rd
3140637,17,2,50,25,3rd
3140664,9,1,7,7,2nd
3140673,19,5,199,39.8,3rd
3140688,7,7,50,7.142857142857143,1st
3140702,7,5,16,3.2,2nd
3140728,8,5,44,8.8,2nd
3140758,15,4,13,3.25,3rd
3140763,17,2,114,57,3rd
3140764,23,1,6,6,3rd
3140791,11,9,297,33,1st
3140804,18,3,10,3.3333333333333335,3rd
3140813,10,8,44,5.5,1st
3140826,16,1,2,2,3rd
3140827,22,1,2,2,3rd
3140835,14,3,42,14,2nd
3140840,9,1,9,9,2nd
3140913,7,2,14,7,2nd
3140919,22,1,1,1,3rd
3140923,20,1,2,2,3rd
3140925,11,4,10,2.5,2nd
3140937,3,17,621,36.529411764705884,1st
3140949,7,17,1043,61.35294117647059,1st
3140958,18,3,32,10.666666666666666,3rd
3140977,18,4,49,12.25,3rd
3140980,18,6,510,85,2nd
3141017,23,1,2,2,3rd
3141028,21,1,38,38,3rd
3141032,14,3,53,17.666666666666668,2nd
3141062,17,4,1146,286.5,3rd
3141069,21,3,1019,339.6666666666667,3rd
3141075,12,12,321,26.75,1st
3141089,16,2,55,27.5,3rd
3141091,12,12,620,51.666666666666664,1st
3141093,18,6,795,132.5,2nd
3141096,7,9,1403,155.88888888888889,1st
3141121,13,3,22,7.333333333333333,2nd
3141131,10,9,27,3,1st
3141136,12,8,75,9.375,1st
3141137,9,2,45,22.5,2nd
3141149,17,1,5,5,3rd
3141151,20,4,35,8.75,3rd
3141159,15,9,105,11.666666666666666,2nd
3141164,17,4,18,4.5,3rd
3141170,9,7,36,5.142857142857143,1st
3141173,7,6,669,111.5,1st
3141208,13,7,32,4.571428571428571,1st
3141210,22,2,198,99,3rd
3141232,14,4,8,2,2nd
3141234,17,1,1,1,3rd
3141237,9,7,1979,282.7142857142857,1st
3141259,8,11,806,73.27272727272727,1st
3141264,23,1,2,2,3rd
3141300,12,12,249,20.75,1st
3141301,12,4,6,1.5,2nd
3141307,15,7,50,7.142857142857143,2nd
3141311,8,1,45,45,2nd
3141351,11,10,594,59.4,1st
3141368,8,12,545,45.416666666666664,1st
3141387,8,1,4,4,2nd
3141395,16,3,29,9.666666666666666,3rd
3141403,19,4,17,4.25,3rd
3150017,20,1,59,59,3rd
3150037,18,6,160,26.666666666666668,2nd
3150038,9,15,1087,72.46666666666667,1st
3150045,17,3,24,8,3rd
3150056,18,4,17,4.25,3rd
3150061,13,8,106,13.25,1st
3150063,15,9,74,8.222222222222221,2nd
3150064,16,4,120,30,3rd
3150065,20,3,9,3,3rd
3150069,20,3,4,1.3333333333333333,3rd
3150075,9,3,8,2.6666666666666665,2nd
3150076,16,8,481,60.125,2nd
3150079,11,13,944,72.61538461538461,1st
3150084,22,2,27,13.5,3rd
3150087,14,2,6,3,2nd
3150088,20,4,19,4.75,3rd
3150089,11,13,171,13.153846153846153,1st
3150106,11,5,837,167.4,2nd
3150107,7,17,528,31.058823529411764,1st
3150109,8,16,1059,66.1875,1st
3150118,15,6,604,100.66666666666667,2nd
3150123,18,6,635,105.83333333333333,2nd
3150124,17,6,590,98.33333333333333,2nd
3150141,14,4,7,1.75,2nd
3150147,22,2,7,3.5,3rd
3150149,8,9,2397,266.3333333333333,1st
3150171,21,3,24,8,3rd
3150172,13,10,501,50.1,1st
3150175,9,5,15,3,2nd
3150197,23,1,2,2,3rd
3150226,18,2,3,1.5,3rd
3150274,20,4,293,73.25,3rd
3150290,13,6,25,4.166666666666667,1st
3150307,22,2,120,60,3rd
3150308,8,16,1044,65.25,1st
3150309,22,2,57,28.5,3rd
3150312,19,5,217,43.4,3rd
3150316,12,7,27,3.857142857142857,1st
3150326,20,4,1090,272.5,3rd
3150329,16,5,924,184.8,3rd
3150340,21,1,7,7,3rd
3150344,20,1,1,1,3rd
3150346,10,8,2008,251,1st
3150360,13,8,103,12.875,1st
3150399,21,2,3,1.5,3rd
3150403,13,5,20,4,2nd
3150418,19,1,1,1,3rd
3150435,16,2,82,41,3rd
3150439,14,10,1323,132.3,1st
3150440,10,3,40,13.333333333333334,2nd
3150451,18,1,1,1,3rd
3150458,19,2,2,1,3rd
3150459,18,5,65,13,3rd
3150472,17,6,1691,281.8333333333333,2nd
3150477,8,12,440,36.666666666666664,1st
3150482,16,4,62,15.5,3rd
3150486,9,15,489,32.6,1st
3150494,20,1,1,1,3rd
3150524,20,2,8,4,3rd
3150536,16,4,7,1.75,3rd
3150549,16,4,327,81.75,3rd
3150559,23,1,10,10,3rd
3150561,11,5,21,4.2,2nd
3150567,23,1,2,2,3rd
3150574,18,1,3,3,3rd
3150576,12,10,45,4.5,1st
3150578,23,1,5,5,3rd
3150580,21,1,3,3,3rd
3150581,22,2,4,2,3rd
3150598,22,1,1,1,3rd
3150621,8,13,679,52.23076923076923,1st
3150664,9,11,49,4.454545454545454,1st
3150675,20,2,9,4.5,3rd
3150679,10,7,56,8,1st
3150680,22,2,8,4,3rd
3150706,22,1,12,12,3rd
3150708,19,5,170,34,3rd
3150709,22,1,2,2,3rd
3150713,16,8,723,90.375,2nd
3150728,6,5,19,3.8,2nd
3150740,19,4,34,8.5,3rd
3150750,18,1,2,2,3rd
3150755,17,3,28,9.333333333333334,3rd
3150759,13,7,76,10.857142857142858,1st
3150761,20,4,194,48.5,3rd
3150762,10,5,42,8.4,2nd
3150765,16,3,490,163.33333333333334,3rd
3150768,22,2,5,2.5,3rd
3150775,9,6,30,5,1st
3150780,12,6,35,5.833333333333333,1st
3150784,21,1,4,4,3rd
3150785,21,1,3,3,3rd
3150789,18,5,69,13.8,3rd
3150790,18,2,23,11.5,3rd
3150792,20,1,2,2,3rd
3150797,1,12,1187,98.91666666666667,1st
3150801,22,2,7,3.5,3rd
3150817,17,3,196,65.33333333333333,3rd
3150821,16,3,16,5.333333333333333,3rd
3150827,13,11,990,90,1st
3150828,17,2,5,2.5,3rd
3150837,7,8,1730,216.25,1st
3150838,23,1,3,3,3rd
3150845,19,1,1,1,3rd
3150860,20,2,23,11.5,3rd
3150863,10,4,8,2,2nd
3150865,23,1,2,2,3rd
3150866,23,1,1,1,3rd
3150886,23,1,2,2,3rd
3150889,19,5,96,19.2,3rd
3150891,23,1,2,2,3rd
3150895,23,1,1,1,3rd
3150897,15,6,11,1.8333333333333333,2nd
3150902,12,1,1,1,2nd
3150911,20,2,6,3,3rd
3150913,23,1,2,2,3rd
3150942,17,7,102,14.571428571428571,2nd
3150952,8,8,27,3.375,1st
3150956,9,14,185,13.214285714285714,1st
3150957,11,10,92,9.2,1st
3150960,20,3,394,131.33333333333334,3rd
3150997,16,5,13,2.6,3rd
3150998,17,6,206,34.333333333333336,2nd
3151000,17,7,201,28.714285714285715,2nd
3151016,21,2,16,8,3rd
3151017,22,2,12,6,3rd
3151021,17,7,1340,191.42857142857142,2nd
3151029,21,3,30,10,3rd
3151031,17,6,69,11.5,2nd
3151038,13,5,470,94,2nd
3151051,17,1,2,2,3rd
3151054,9,7,2760,394.2857142857143,1st
3151055,8,11,642,58.36363636363637,1st
3151061,18,1,1,1,3rd
3151067,12,7,28,4,1st
3151068,8,8,529,66.125,1st
3151074,15,5,161,32.2,3rd
3151084,22,2,20,10,3rd
3151085,14,5,79,15.8,2nd
3151099,13,3,13,4.333333333333333,2nd
3151117,20,3,23,7.666666666666667,3rd
3151119,19,2,102,51,3rd
3151126,19,5,1099,219.8,3rd
3151129,5,15,263,17.533333333333335,1st
3151144,15,7,39,5.571428571428571,2nd
3151146,17,7,276,39.42857142857143,2nd
3151152,17,5,57,11.4,3rd
3151166,17,5,425,85,3rd
3151168,23,1,4,4,3rd
3151171,18,2,4,2,3rd
3151174,19,3,7,2.3333333333333335,3rd
3151183,11,2,5,2.5,2nd
3151197,15,8,74,9.25,2nd
3151203,10,12,212,17.666666666666668,1st
3151204,22,1,9,9,3rd
3151222,16,6,103,17.166666666666668,2nd
3151231,18,6,2229,371.5,2nd
3151254,16,7,2238,319.7142857142857,2nd
3151256,16,2,9,4.5,3rd
3151259,9,4,22,5.5,2nd
3151262,10,1,6,6,2nd
3151270,23,1,5,5,3rd
3151279,8,5,380,76,2nd
3151285,14,7,2589,369.85714285714283,1st
3151287,15,6,22,3.6666666666666665,2nd
3151290,19,2,3,1.5,3rd
3151295,22,2,311,155.5,3rd
3151308,5,17,1746,102.70588235294117,1st
3151309,16,4,42,10.5,3rd
3151310,12,11,578,52.54545454545455,1st
3151311,8,4,44,11,2nd
3151312,17,7,38,5.428571428571429,2nd
3151325,17,7,258,36.857142857142854,2nd
3151331,21,2,9,4.5,3rd
3151332,18,2,6,3,3rd
3151347,16,3,14,4.666666666666667,3rd
3151353,22,2,10,5,3rd
3151368,23,1,11,11,3rd
3151378,18,6,134,22.333333333333332,2nd
3151390,16,7,219,31.285714285714285,2nd
3151393,22,1,2,2,3rd
3151410,16,2,9,4.5,3rd
3151415,7,5,11,2.2,2nd
3151417,22,1,2,2,3rd
3151448,20,3,12,4,3rd
3151471,12,4,32,8,2nd
3151475,21,2,14,7,3rd
3151481,19,1,9,9,3rd
3151482,15,7,16,2.2857142857142856,2nd
3151484,9,15,3438,229.2,1st
3151485,23,1,6,6,3rd
3151493,22,1,3,3,3rd
3151506,22,2,17,8.5,3rd
3151519,12,7,21,3,1st
3151520,10,5,13,2.6,2nd
3151525,16,6,69,11.5,2nd
3151529,21,2,15,7.5,3rd
3151530,14,3,48,16,2nd
3151544,13,6,141,23.5,1st
3151550,10,4,39,9.75,2nd
3151555,8,7,136,19.428571428571427,1st
3151558,16,4,25,6.25,3rd
3151560,18,2,3,1.5,3rd
3151561,21,3,25,8.333333333333334,3rd
3151566,8,11,1545,140.45454545454547,1st
3151567,18,1,6,6,3rd
3151571,13,1,28,28,2nd
3151576,18,6,110,18.333333333333332,2nd
3151578,23,1,4,4,3rd
3151587,21,1,1,1,3rd
3151597,18,6,1282,213.66666666666666,2nd
3151600,14,2,23,11.5,2nd
3151603,13,6,38,6.333333333333333,1st
3151607,22,1,4,4,3rd
3151610,12,3,5,1.6666666666666667,2nd
3151615,11,8,126,15.75,1st
3151618,22,2,7,3.5,3rd
3151633,21,1,1,1,3rd
3151639,8,6,37,6.166666666666667,1st
3151640,23,1,2,2,3rd
3151648,18,6,39,6.5,2nd
3151649,12,11,163,14.818181818181818,1st
3151662,21,2,34,17,3rd
3151667,18,6,207,34.5,2nd
3151668,17,3,134,44.666666666666664,3rd
3151670,17,5,97,19.4,3rd
3151680,10,3,5,1.6666666666666667,2nd
3151686,23,1,5,5,3rd
3151689,15,9,172,19.11111111111111,2nd
3151691,10,13,171,13.153846153846153,1st
3151696,18,4,15,3.75,3rd
3151697,12,12,1078,89.83333333333333,1st
3151705,17,4,28,7,3rd
3151706,19,5,68,13.6,3rd
3151725,17,5,198,39.6,3rd
3151728,23,1,1,1,3rd
3151729,20,1,1,1,3rd
3151730,18,6,60,10,2nd
3151732,21,1,1,1,3rd
3151733,13,6,140,23.333333333333332,1st
3151735,21,1,2,2,3rd
3151736,12,9,44,4.888888888888889,1st
3151738,10,7,28,4,1st
3151739,17,4,48,12,3rd
3151741,18,2,257,128.5,3rd
3151742,22,1,132,132,3rd
3151746,7,9,144,16,1st
3151752,12,8,2014,251.75,1st
3151753,21,3,391,130.33333333333334,3rd
3151758,19,4,29,7.25,3rd
3151759,21,2,8,4,3rd
3151760,21,1,2,2,3rd
3151761,21,2,24,12,3rd
3151762,19,5,59,11.8,3rd
3151763,17,3,38,12.666666666666666,3rd
3151769,19,2,12,6,3rd
3151773,17,3,77,25.666666666666668,3rd
3151775,22,2,55,27.5,3rd
3151781,18,1,10,10,3rd
3151784,19,4,35,8.75,3rd
3151785,19,1,2,2,3rd
3151787,20,4,78,19.5,3rd
3151789,22,2,22,11,3rd
3151790,18,3,16,5.333333333333333,3rd
3151801,21,3,366,122,3rd
3151809,8,5,23,4.6,2nd
3151811,22,1,2,2,3rd
3151812,13,5,645,129,2nd
3151820,21,3,67,22.333333333333332,3rd
3151822,9,12,165,13.75,1st
3151831,10,10,350,35,1st
3151837,21,2,3,1.5,3rd
3151842,19,4,33,8.25,3rd
3151849,18,3,48,16,3rd
3151852,16,8,59,7.375,2nd
3151859,18,2,10,5,3rd
3151862,16,5,168,33.6,3rd
3151866,22,1,1,1,3rd
3151873,21,2,19,9.5,3rd
3151874,23,1,32,32,3rd
3151888,16,7,58,8.285714285714286,2nd
3151893,7,5,14,2.8,2nd
3151901,22,2,28,14,3rd
3151906,20,2,4,2,3rd
3151917,21,2,18,9,3rd
3151919,12,10,63,6.3,1st
3151925,22,1,1,1,3rd
3151926,23,1,3,3,3rd
3151928,20,4,634,158.5,3rd
3151929,20,4,48,12,3rd
3151931,13,2,2,1,2nd
3151932,18,6,1359,226.5,2nd
3151950,14,9,517,57.44444444444444,1st
3151953,10,4,12,3,2nd
3151957,9,3,85,28.333333333333332,2nd
3151968,19,5,37,7.4,3rd
3151975,23,1,1,1,3rd
3151976,23,1,3,3,3rd
3151978,17,6,14,2.3333333333333335,2nd
3151981,22,1,4,4,3rd
3151983,15,7,51,7.285714285714286,2nd
3151985,16,7,55,7.857142857142857,2nd
3151987,22,2,13,6.5,3rd
3151994,19,5,1394,278.8,3rd
3151995,17,5,413,82.6,3rd
3151996,22,2,46,23,3rd
3152004,12,12,471,39.25,1st
3152005,11,9,81,9,1st
3152008,14,10,737,73.7,1st
3152009,19,4,12,3,3rd
3152010,23,1,7,7,3rd
3152014,22,2,16,8,3rd
3152017,11,13,578,44.46153846153846,1st
3152022,15,9,291,32.333333333333336,2nd
3152023,22,2,6,3,3rd
3152032,20,2,9,4.5,3rd
3152034,22,1,7,7,3rd
3152041,17,7,809,115.57142857142857,2nd
3152061,10,4,8,2,2nd
3152064,16,3,14,4.666666666666667,3rd
3152068,19,5,367,73.4,3rd
3152071,14,2,2,1,2nd
3152073,9,4,13,3.25,2nd
3152082,18,4,16,4,3rd
3152083,12,3,148,49.333333333333336,2nd
3152084,11,8,558,69.75,1st
3152089,20,2,4,2,3rd
3152090,23,1,6,6,3rd
3152092,23,1,4,4,3rd
3152093,21,2,5,2.5,3rd
3152096,15,9,639,71,2nd
3152097,23,1,2,2,3rd
3152098,23,1,1,1,3rd
3152102,18,1,2,2,3rd
3152109,20,3,7,2.3333333333333335,3rd
3152110,17,6,25,4.166666666666667,2nd
3152112,23,1,2,2,3rd
3152113,13,3,29,9.666666666666666,2nd
3152115,22,2,14,7,3rd
3152121,22,2,54,27,3rd
3152130,20,4,150,37.5,3rd
3152143,18,3,5,1.6666666666666667,3rd
3152145,19,5,44,8.8,3rd
3152147,16,1,1,1,3rd
3152154,17,4,126,31.5,3rd
3152155,8,8,1895,236.875,1st
3152159,23,1,2,2,3rd
3152163,21,1,3,3,3rd
3152164,22,1,1,1,3rd
3152166,22,1,10,10,3rd
3152168,19,2,25,12.5,3rd
3152170,17,5,40,8,3rd
3152175,19,2,186,93,3rd
3152177,10,9,33,3.6666666666666665,1st
3152178,15,9,505,56.111111111111114,2nd
3152179,14,7,198,28.285714285714285,1st
3152191,17,4,23,5.75,3rd
3152192,21,3,285,95,3rd
3152194,15,9,136,15.11111111111111,2nd
3152201,16,1,4,4,3rd
3152203,15,5,472,94.4,3rd
3152204,22,2,173,86.5,3rd
3152205,15,3,11,3.6666666666666665,3rd
3152206,17,1,3,3,3rd
3152207,17,1,3,3,3rd
3152208,23,1,4,4,3rd
3152211,19,1,6,6,3rd
3152218,23,1,1,1,3rd
3152245,23,1,13,13,3rd
3152251,8,15,373,24.866666666666667,1st
3152252,14,4,38,9.5,2nd
3152254,21,2,37,18.5,3rd
3152259,23,1,8,8,3rd
3152264,20,1,2,2,3rd
3152268,19,1,8,8,3rd
3152270,21,1,6,6,3rd
3152281,11,5,17,3.4,2nd
3152285,10,13,259,19.923076923076923,1st
3152288,22,2,23,11.5,3rd
3152291,15,9,703,78.11111111111111,2nd
3152294,14,9,2199,244.33333333333334,1st
3152297,20,1,3,3,3rd
3152300,19,5,591,118.2,3rd
3152302,8,8,26,3.25,1st
3152303,23,1,1,1,3rd
3152308,14,3,7,2.3333333333333335,2nd
3152310,22,1,19,19,3rd
3152317,17,4,6,1.5,3rd
3152319,14,8,375,46.875,1st
3152320,19,2,8,4,3rd
3152323,23,1,4,4,3rd
3152325,10,6,1546,257.6666666666667,1st
3152328,17,4,567,141.75,3rd
3152330,7,11,159,14.454545454545455,1st
3152331,23,1,11,11,3rd
3152332,18,5,34,6.8,3rd
3152337,9,8,332,41.5,1st
3152339,21,2,14,7,3rd
3152340,22,1,3,3,3rd
3152342,22,2,4,2,3rd
3152343,23,1,2,2,3rd
3152344,18,2,14,7,3rd
3152346,13,7,20,2.857142857142857,1st
3152354,18,6,471,78.5,2nd
3152359,22,2,4,2,3rd
3152360,4,12,483,40.25,1st
3152363,20,2,8,4,3rd
3152364,11,11,64,5.818181818181818,1st
3152366,22,2,2,1,3rd
3152367,22,2,11,5.5,3rd
3152374,17,2,44,22,3rd
3152376,16,2,5,2.5,3rd
3152377,9,11,91,8.272727272727273,1st
3152386,16,2,7,3.5,3rd
3152387,22,2,8,4,3rd
3152388,15,4,11,2.75,3rd
3152392,23,1,2,2,3rd
3152395,22,1,1,1,3rd
3152409,22,1,3,3,3rd
3152418,23,1,1,1,3rd
3152419,23,1,8,8,3rd
3152422,20,1,5,5,3rd
3152425,23,1,2,2,3rd
3152438,17,5,69,13.8,3rd
3152445,10,10,292,29.2,1st
3152446,23,1,2,2,3rd
3152448,23,1,2,2,3rd
3152452,11,1,2,2,2nd
3152454,23,1,1,1,3rd
3152455,22,2,8,4,3rd
3152456,22,1,5,5,3rd
3152459,23,1,3,3,3rd
3152472,7,9,2598,288.6666666666667,1st
3152480,23,1,9,9,3rd
3152488,18,3,6,2,3rd
3152490,19,4,58,14.5,3rd
3152491,20,2,4,2,3rd
3152497,22,1,1,1,3rd
3152499,9,15,281,18.733333333333334,1st
3152501,7,15,1151,76.73333333333333,1st
3152502,9,14,799,57.07142857142857,1st
3152506,20,4,76,19,3rd
3152507,19,5,1007,201.4,3rd
3152510,23,1,15,15,3rd
3152511,23,1,14,14,3rd
3152514,23,1,6,6,3rd
3152518,23,1,2,2,3rd
3152520,19,5,34,6.8,3rd
3152528,9,1,8,8,2nd
3152529,23,1,5,5,3rd
3152531,21,3,266,88.66666666666667,3rd
3152532,23,1,2,2,3rd
3152539,23,1,5,5,3rd
3152543,22,2,654,327,3rd
3152545,22,1,5,5,3rd
3152547,23,1,3,3,3rd
3152548,11,10,1950,195,1st
3152549,16,7,1233,176.14285714285714,2nd
3152550,20,4,1007,251.75,3rd
3152551,22,2,48,24,3rd
3152558,8,14,707,50.5,1st
3152575,23,1,2,2,3rd
3152576,23,1,2,2,3rd
3152580,23,1,7,7,3rd
3152584,16,5,11,2.2,3rd
3152585,21,3,10,3.3333333333333335,3rd
3152587,18,5,39,7.8,3rd
3152588,23,1,2,2,3rd
3152589,12,7,27,3.857142857142857,1st
3152590,23,1,8,8,3rd
3152592,19,2,2,1,3rd
3152593,21,1,1,1,3rd
3152594,21,2,9,4.5,3rd
3152597,8,6,132,22,1st
3152598,22,2,37,18.5,3rd
3152604,17,7,321,45.857142857142854,2nd
3152605,17,5,103,20.6,3rd
3152610,21,3,62,20.666666666666668,3rd
3152612,20,4,364,91,3rd
3152616,23,1,3,3,3rd
3152619,19,5,19,3.8,3rd
3152622,22,2,19,9.5,3rd
3152631,17,7,1181,168.71428571428572,2nd
3152632,22,2,18,9,3rd
3152634,12,4,72,18,2nd
3152637,23,1,4,4,3rd
3152640,23,1,1,1,3rd
3152641,21,3,30,10,3rd
3152644,9,12,83,6.916666666666667,1st
3152649,22,2,77,38.5,3rd
3152655,17,7,1126,160.85714285714286,2nd
3152656,20,4,208,52,3rd
3152657,22,2,17,8.5,3rd
3152659,23,1,24,24,3rd
3152661,20,4,112,28,3rd
3152664,21,2,36,18,3rd
3152665,23,1,30,30,3rd
3152668,21,2,11,5.5,3rd
3152673,23,1,2,2,3rd
3152677,23,1,17,17,3rd
3152679,23,1,2,2,3rd
3152680,7,6,27,4.5,1st
3152687,14,6,17,2.8333333333333335,1st
3152688,14,7,26,3.7142857142857144,1st
3152690,15,8,51,6.375,2nd
3152695,14,5,41,8.2,2nd
3152697,15,9,316,35.111111111111114,2nd
3152698,23,1,1,1,3rd
3152703,21,1,2,2,3rd
3152706,17,7,38,5.428571428571429,2nd
3152710,19,4,14,3.5,3rd
3152711,8,7,65,9.285714285714286,1st
3152713,8,5,36,7.2,2nd
3152715,21,1,2,2,3rd
3152719,10,9,328,36.44444444444444,1st
3152720,23,1,3,3,3rd
3152725,21,2,5,2.5,3rd
3152727,23,1,2,2,3rd
3152734,22,2,27,13.5,3rd
3152737,23,1,1,1,3rd
3152738,14,6,125,20.833333333333332,1st
3152743,11,7,614,87.71428571428571,1st
3152745,19,5,75,15,3rd
3152746,8,13,74,5.6923076923076925,1st
3152748,12,10,68,6.8,1st
3152752,21,2,15,7.5,3rd
3152757,11,13,953,73.3076923076923,1st
3152758,17,6,62,10.333333333333334,2nd
3152763,23,1,3,3,3rd
3152765,19,5,276,55.2,3rd
3152766,8,9,29,3.2222222222222223,1st
3152768,23,1,4,4,3rd
3152770,11,4,282,70.5,2nd
3152772,9,13,260,20,1st
3152777,20,2,6,3,3rd
3152779,11,2,2,1,2nd
3152780,14,7,14,2,1st
3152782,11,6,54,9,1st
3152783,9,11,56,5.090909090909091,1st
3152786,21,1,18,18,3rd
3152794,23,1,11,11,3rd
3152801,15,6,257,42.833333333333336,2nd
3152805,20,1,1,1,3rd
3152810,21,3,9,3,3rd
3152812,21,2,23,11.5,3rd
3152815,14,5,23,4.6,2nd
3152816,17,4,9,2.25,3rd
3152821,23,1,21,21,3rd
3152822,10,2,4,2,2nd
3152826,20,2,8,4,3rd
3152830,16,8,176,22,2nd
3152831,23,1,1,1,3rd
3152833,16,5,83,16.6,3rd
3152834,21,1,2,2,3rd
3152835,22,1,5,5,3rd
3152838,18,4,509,127.25,3rd
3152839,12,5,897,179.4,2nd
3152843,22,2,14,7,3rd
3152844,16,6,522,87,2nd
3152845,13,8,1586,198.25,1st
3152851,9,14,820,58.57142857142857,1st
3152853,7,13,324,24.923076923076923,1st
3152859,21,1,1,1,3rd
3152864,20,1,1,1,3rd
3152865,20,4,43,10.75,3rd
3152866,21,3,30,10,3rd
3152870,23,1,29,29,3rd
3152871,22,2,46,23,3rd
3152872,21,3,16,5.333333333333333,3rd
3152874,18,6,36,6,2nd
3152877,22,1,6,6,3rd
3152878,22,2,4,2,3rd
3152879,11,11,375,34.09090909090909,1st
3152881,20,3,14,4.666666666666667,3rd
3152882,10,4,24,6,2nd
3152886,13,3,30,10,2nd
3152887,12,2,185,92.5,2nd
3152906,23,1,4,4,3rd
3152907,22,2,3,1.5,3rd
3152908,17,6,122,20.333333333333332,2nd
3152909,20,2,10,5,3rd
3152910,23,1,2,2,3rd
3152911,21,3,38,12.666666666666666,3rd
3152912,11,10,283,28.3,1st
3152916,21,3,81,27,3rd
3152919,15,2,13,6.5,3rd
3152927,23,1,2,2,3rd
3152930,20,3,36,12,3rd
3152936,8,6,55,9.166666666666666,1st
3152937,17,1,7,7,3rd
3152938,21,2,5,2.5,3rd
3152947,23,1,4,4,3rd
3152950,22,2,7,3.5,3rd
3152953,18,2,11,5.5,3rd
3152956,21,2,2,1,3rd
3152957,21,3,109,36.333333333333336,3rd
3152959,9,7,392,56,1st
3152962,23,1,45,45,3rd
3152970,23,1,9,9,3rd
3152971,21,2,4,2,3rd
3152972,23,1,1,1,3rd
3152973,18,3,4,1.3333333333333333,3rd
3152974,14,5,19,3.8,2nd
3152979,23,1,1,1,3rd
3152986,18,2,5,2.5,3rd
3152987,18,2,6,3,3rd
3152992,11,5,77,15.4,2nd
3152993,16,4,12,3,3rd
3152994,15,9,113,12.555555555555555,2nd
3152996,17,2,13,6.5,3rd
3152999,13,9,144,16,1st
3153001,23,1,5,5,3rd
3153005,23,1,9,9,3rd
3153006,22,2,39,19.5,3rd
3153012,12,7,26,3.7142857142857144,1st
3153014,21,3,15,5,3rd
3153016,21,3,24,8,3rd
3153020,19,4,32,8,3rd
3153021,15,8,300,37.5,2nd
3153022,23,1,2,2,3rd
3153025,16,6,77,12.833333333333334,2nd
3153026,18,5,27,5.4,3rd
3153030,23,1,4,4,3rd
3153037,21,3,20,6.666666666666667,3rd
3153039,22,2,11,5.5,3rd
3153040,23,1,9,9,3rd
3153041,21,3,29,9.666666666666666,3rd
3153043,23,1,13,13,3rd
3153045,18,6,83,13.833333333333334,2nd
3153046,16,7,49,7,2nd
3153047,11,8,146,18.25,1st
3153052,23,1,2,2,3rd
3153055,16,8,139,17.375,2nd
3153058,11,4,9,2.25,2nd
3153059,20,3,21,7,3rd
3153062,19,5,250,50,3rd
3153065,20,2,6,3,3rd
3153068,7,7,149,21.285714285714285,1st
3153081,3,15,132,8.8,1st
3153084,20,2,14,7,3rd
3153085,23,1,3,3,3rd
3153087,18,4,27,6.75,3rd
3153091,7,14,269,19.214285714285715,1st
3153092,22,2,13,6.5,3rd
3153093,22,2,8,4,3rd
3153094,23,1,6,6,3rd
3153095,23,1,70,70,3rd
3153096,13,5,753,150.6,2nd
3153097,8,11,251,22.818181818181817,1st
3153098,23,1,1,1,3rd
3153103,14,10,605,60.5,1st
3153104,21,3,50,16.666666666666668,3rd
3153110,19,5,36,7.2,3rd
3153113,23,1,9,9,3rd
3153115,23,1,11,11,3rd
3153116,13,3,12,4,2nd
3153117,22,1,1,1,3rd
3153120,15,7,53,7.571428571428571,2nd
3153121,15,2,4,2,3rd
3153126,21,3,14,4.666666666666667,3rd
3153132,18,4,40,10,3rd
3153138,23,1,6,6,3rd
3153142,21,3,47,15.666666666666666,3rd
3153147,22,2,9,4.5,3rd
3153148,22,2,64,32,3rd
3153150,23,1,2,2,3rd
3153154,19,5,282,56.4,3rd
3153155,17,7,119,17,2nd
3153157,15,9,117,13,2nd
3153158,8,16,644,40.25,1st
3153159,15,6,73,12.166666666666666,2nd
3153162,12,6,74,12.333333333333334,1st
3153163,19,5,44,8.8,3rd
3153164,22,2,2,1,3rd
3160008,23,1,3,3,3rd
3160011,15,4,13,3.25,3rd
3160012,21,1,2,2,3rd
3160015,22,2,94,47,3rd
3160019,13,2,4,2,2nd
3160021,17,1,1,1,3rd
3160022,17,6,48,8,2nd
3160024,22,2,80,40,3rd
3160026,20,4,49,12.25,3rd
3160027,21,3,241,80.33333333333333,3rd
3160028,20,4,864,216,3rd
3160029,21,3,183,61,3rd
3160030,20,4,432,108,3rd
3160031,17,6,48,8,2nd
3160035,20,4,387,96.75,3rd
3160036,22,1,3,3,3rd
3160037,23,1,9,9,3rd
3160038,21,2,13,6.5,3rd
3160039,20,3,23,7.666666666666667,3rd
3160041,9,13,433,33.30769230769231,1st
3160044,21,3,96,32,3rd
3160045,21,3,32,10.666666666666666,3rd
3160046,21,1,1,1,3rd
3160047,19,5,46,9.2,3rd
3160048,23,1,2,2,3rd
3160049,17,7,49,7,2nd
3160051,22,2,14,7,3rd
3160052,18,6,18,3,2nd
3160053,21,3,87,29,3rd
3160056,21,3,14,4.666666666666667,3rd
3160057,22,2,28,14,3rd
3160058,16,5,44,8.8,3rd
3160059,23,1,1,1,3rd
3160060,19,4,24,6,3rd
3160061,21,1,2,2,3rd
3160063,21,2,24,12,3rd
3160068,12,3,30,10,2nd
3160069,21,3,18,6,3rd
3160070,18,2,12,6,3rd
3160071,21,3,20,6.666666666666667,3rd
3160074,18,3,12,4,3rd
3160081,2,18,881,48.94444444444444,1st
3160089,23,1,3,3,3rd
3160092,13,4,26,6.5,2nd
3160093,22,1,2,2,3rd
3160099,12,8,89,11.125,1st
3160100,22,2,19,9.5,3rd
3160101,18,6,71,11.833333333333334,2nd
3160102,19,5,22,4.4,3rd
3160103,21,3,39,13,3rd
3160104,21,2,3,1.5,3rd
3160107,20,3,16,5.333333333333333,3rd
3160114,15,8,3084,385.5,2nd
3160116,20,1,22,22,3rd
3160117,7,4,163,40.75,2nd
3160121,10,4,16,4,2nd
3160122,20,2,14,7,3rd
3160124,21,2,25,12.5,3rd
3160125,21,2,10,5,3rd
3160126,23,1,2,2,3rd
3160127,7,6,67,11.166666666666666,1st
3160129,13,9,86,9.555555555555555,1st
3160130,22,2,4,2,3rd
3160131,18,4,126,31.5,3rd
3160136,13,4,71,17.75,2nd
3160138,22,1,2,2,3rd
3160139,20,3,15,5,3rd
3160140,21,2,32,16,3rd
3160141,20,3,86,28.666666666666668,3rd
3160142,20,3,24,8,3rd
3160144,20,3,44,14.666666666666666,3rd
3160145,19,4,66,16.5,3rd
3160147,21,2,27,13.5,3rd
3160148,19,3,29,9.666666666666666,3rd
3160149,20,3,69,23,3rd
3160151,21,1,2,2,3rd
3160152,20,3,9,3,3rd
3160154,21,3,22,7.333333333333333,3rd
3160156,22,1,16,16,3rd
3160157,13,6,39,6.5,1st
3160158,21,2,70,35,3rd
3160160,21,2,13,6.5,3rd
3160161,20,3,13,4.333333333333333,3rd
3160162,22,1,3,3,3rd
3160163,11,4,11,2.75,2nd
3160164,20,1,4,4,3rd
3160165,20,3,18,6,3rd
3160167,19,4,10,2.5,3rd
3160168,21,1,5,5,3rd
3160169,15,5,75,15,3rd
3160170,19,3,32,10.666666666666666,3rd
3160171,22,1,8,8,3rd
3160180,22,1,4,4,3rd
3160181,22,1,20,20,3rd
3160183,21,2,29,14.5,3rd
3160184,20,3,71,23.666666666666668,3rd
3160194,16,7,162,23.142857142857142,2nd
3160195,20,3,41,13.666666666666666,3rd
3160196,18,3,18,6,3rd
3160197,17,6,109,18.166666666666668,2nd
3160198,22,1,1,1,3rd
3160199,21,2,274,137,3rd
3160203,10,11,46,4.181818181818182,1st
3160204,22,1,1,1,3rd
3160207,19,4,71,17.75,3rd
3160208,19,4,59,14.75,3rd
3160209,13,2,5,2.5,2nd
3160210,14,7,85,12.142857142857142,1st
3160211,11,12,894,74.5,1st
3160212,21,2,53,26.5,3rd
3160213,21,1,3,3,3rd
3160216,19,2,3,1.5,3rd
3160221,21,2,22,11,3rd
3160222,22,1,1,1,3rd
3160223,22,1,2,2,3rd
3160227,20,3,9,3,3rd
3160231,22,1,4,4,3rd
3160232,21,2,18,9,3rd
3160233,20,3,15,5,3rd
3160235,17,6,193,32.166666666666664,2nd
3160236,17,5,1158,231.6,3rd
3160237,16,5,454,90.8,3rd
3160240,21,2,20,10,3rd
3160241,22,1,1,1,3rd
3160242,20,3,259,86.33333333333333,3rd
3160243,18,2,23,11.5,3rd
3160244,17,6,89,14.833333333333334,2nd
3160245,20,3,51,17,3rd
3160246,19,4,29,7.25,3rd
3160249,20,3,24,8,3rd
3160250,21,1,18,18,3rd
3160253,20,3,20,6.666666666666667,3rd
3160259,21,2,49,24.5,3rd
3160260,18,2,69,34.5,3rd
3160261,22,1,2,2,3rd
3160263,21,2,11,5.5,3rd
3160266,17,6,71,11.833333333333334,2nd
3160267,21,1,1,1,3rd
3160268,20,3,93,31,3rd
3160269,21,2,19,9.5,3rd
3160270,21,2,23,11.5,3rd
3160271,20,3,9,3,3rd
3160275,22,1,4,4,3rd
3160277,18,5,154,30.8,3rd
3160278,21,1,2,2,3rd
3160279,8,9,112,12.444444444444445,1st
3160280,19,3,16,5.333333333333333,3rd
3160281,15,8,170,21.25,2nd
3160282,15,8,614,76.75,2nd
3160284,12,3,12,4,2nd
3160286,19,3,21,7,3rd
3160287,10,6,13,2.1666666666666665,1st
3160288,22,1,4,4,3rd
3160289,21,1,4,4,3rd
3160290,19,2,12,6,3rd
3160292,18,1,1,1,3rd
3160295,16,5,32,6.4,3rd
3160296,19,3,59,19.666666666666668,3rd
3160297,9,5,538,107.6,2nd
3160298,21,2,10,5,3rd
3160299,21,2,26,13,3rd
3160302,15,6,22,3.6666666666666665,2nd
3160303,21,2,6,3,3rd
3160304,20,2,27,13.5,3rd
3160305,19,1,3,3,3rd
3160307,20,2,12,6,3rd
3160308,22,1,8,8,3rd
3160309,7,12,164,13.666666666666666,1st
3160310,21,1,16,16,3rd
3160311,18,5,63,12.6,3rd
3160315,21,1,4,4,3rd
3160316,19,3,8,2.6666666666666665,3rd
3160320,21,2,5,2.5,3rd
3160324,21,1,5,5,3rd
3160325,19,4,81,20.25,3rd
3160326,18,4,91,22.75,3rd
3160330,8,2,6,3,2nd
3160332,20,2,9,4.5,3rd
3160333,14,5,24,4.8,2nd
3160337,20,1,10,10,3rd
3160342,20,2,14,7,3rd
3160343,20,1,2,2,3rd
3160344,21,1,10,10,3rd
3160349,9,5,18,3.6,2nd
3160350,15,3,12,4,3rd
3160352,16,6,51,8.5,2nd
3160353,13,7,50,7.142857142857143,1st
3160354,15,6,29,4.833333333333333,2nd
3160358,21,1,2,2,3rd
3160361,20,1,5,5,3rd
3160364,20,2,24,12,3rd
3160365,18,4,86,21.5,3rd
3160366,13,1,1,1,2nd
3160367,21,1,7,7,3rd
3160369,20,2,67,33.5,3rd
3160372,21,1,4,4,3rd
3160373,19,1,2,2,3rd
3160376,15,6,363,60.5,2nd
3160377,21,1,2,2,3rd
3160379,20,1,2,2,3rd
3160380,8,13,895,68.84615384615384,1st
3160383,18,3,17,5.666666666666667,3rd
3160384,18,4,56,14,3rd
3160386,19,3,20,6.666666666666667,3rd
3160388,19,2,6,3,3rd
3160390,13,9,408,45.333333333333336,1st
3160391,9,9,303,33.666666666666664,1st
3160392,15,6,36,6,2nd
3160394,19,3,20,6.666666666666667,3rd
3160396,20,2,10,5,3rd
3160397,7,10,56,5.6,1st
3160401,16,4,83,20.75,3rd
3160405,21,1,14,14,3rd
3160406,11,9,124,13.777777777777779,1st
3160407,20,2,30,15,3rd
3160408,20,1,7,7,3rd
3160411,21,1,4,4,3rd
3160413,18,4,33,8.25,3rd
3160415,20,2,4,2,3rd
3160419,8,8,41,5.125,1st
3160421,19,2,5,2.5,3rd
3160422,14,6,49,8.166666666666666,1st
3160425,13,9,242,26.88888888888889,1st
3160428,19,3,52,17.333333333333332,3rd
3160430,21,1,17,17,3rd
3160431,21,1,18,18,3rd
3160432,20,1,5,5,3rd
3160433,19,3,39,13,3rd
3160434,21,1,1,1,3rd
3160435,13,4,16,4,2nd
3160437,20,1,8,8,3rd
3160439,20,1,14,14,3rd
3160441,21,1,2,2,3rd
3160443,18,1,6,6,3rd
3160444,21,1,2,2,3rd
3160446,20,2,18,9,3rd
3160447,20,1,3,3,3rd
3160450,19,2,6,3,3rd
3160453,18,1,6,6,3rd
3160455,11,8,98,12.25,1st
3160456,19,2,18,9,3rd
3160457,19,3,45,15,3rd
3160458,16,5,89,17.8,3rd
3160459,18,4,23,5.75,3rd
3160460,20,1,2,2,3rd
3160461,19,1,2,2,3rd
3160462,18,4,69,17.25,3rd
3160463,14,7,42,6,1st
3160464,17,4,33,8.25,3rd
3160467,19,2,24,12,3rd
3160469,14,7,217,31,1st
3160470,20,1,8,8,3rd
3160471,19,2,10,5,3rd
3160473,13,8,59,7.375,1st
3160474,11,9,162,18,1st
3160478,16,6,176,29.333333333333332,2nd
3160479,19,2,4,2,3rd
3160480,21,1,2,2,3rd
3160482,20,1,1,1,3rd
3160483,17,4,14,3.5,3rd
3160484,16,6,63,10.5,2nd
3160485,13,6,40,6.666666666666667,1st
3160486,20,1,1,1,3rd
3160489,17,5,46,9.2,3rd
3160490,19,1,2,2,3rd
3160491,11,9,1010,112.22222222222223,1st
3160492,21,1,3,3,3rd
3160493,21,1,1,1,3rd
3160498,16,3,5,1.6666666666666667,3rd
3160499,21,1,7,7,3rd
3160502,17,5,44,8.8,3rd
3160510,14,4,1211,302.75,2nd
3160527,19,3,65,21.666666666666668,3rd
3160531,14,3,16,5.333333333333333,2nd
3160539,20,1,4,4,3rd
3160546,18,2,4,2,3rd
3160548,18,2,3,1.5,3rd
3160554,16,5,29,5.8,3rd
3160555,19,2,43,21.5,3rd
3160556,8,7,47,6.714285714285714,1st
3160557,19,2,19,9.5,3rd
3160558,18,3,53,17.666666666666668,3rd
3160559,16,5,35,7,3rd
3160562,17,3,14,4.666666666666667,3rd
3160567,17,3,10,3.3333333333333335,3rd
3160569,20,1,13,13,3rd
3160574,16,5,30,6,3rd
3160575,18,2,15,7.5,3rd
3160576,17,3,18,6,3rd
3160577,17,3,33,11,3rd
3160578,19,2,11,5.5,3rd
3160579,20,1,6,6,3rd
3160580,18,3,41,13.666666666666666,3rd
3160582,16,5,1401,280.2,3rd
3160583,14,4,11,2.75,2nd
3160584,17,4,122,30.5,3rd
3160585,17,1,1,1,3rd
3160591,13,7,31,4.428571428571429,1st
3160592,14,5,29,5.8,2nd
3160595,19,2,12,6,3rd
3160598,20,1,1,1,3rd
3160600,19,2,11,5.5,3rd
3160601,19,2,10,5,3rd
3160602,19,2,33,16.5,3rd
3160603,20,1,3,3,3rd
3160605,19,2,7,3.5,3rd
3160606,20,1,18,18,3rd
3160608,17,4,227,56.75,3rd
3160609,13,7,188,26.857142857142858,1st
3160611,16,4,10,2.5,3rd
3160612,10,2,3,1.5,2nd
3160613,20,1,2,2,3rd
3160617,11,8,53,6.625,1st
3160619,16,3,10,3.3333333333333335,3rd
3160623,14,6,540,90,1st
3160624,18,3,29,9.666666666666666,3rd
3160627,19,2,4,2,3rd
3160629,18,3,11,3.6666666666666665,3rd
3160630,11,10,305,30.5,1st
3160631,7,12,317,26.416666666666668,1st
3160632,18,3,48,16,3rd
3160633,17,4,112,28,3rd
3160636,9,8,329,41.125,1st
3160637,10,6,101,16.833333333333332,1st
3160639,17,1,4,4,3rd
3160640,18,2,27,13.5,3rd
3160642,18,3,92,30.666666666666668,3rd
3160644,19,1,6,6,3rd
3160645,16,5,165,33,3rd
3160646,15,2,3,1.5,3rd
3160647,19,1,2,2,3rd
3160648,17,2,89,44.5,3rd
3160649,12,7,63,9,1st
3160650,19,2,11,5.5,3rd
3160654,17,3,5,1.6666666666666667,3rd
3160655,14,6,115,19.166666666666668,1st
3160656,19,2,12,6,3rd
3160658,20,1,18,18,3rd
3160659,16,4,93,23.25,3rd
3160660,13,8,828,103.5,1st
3160661,16,5,136,27.2,3rd
3160662,15,6,112,18.666666666666668,2nd
3160663,15,6,98,16.333333333333332,2nd
3160665,15,5,1034,206.8,3rd
3160667,19,1,2,2,3rd
3160669,15,6,124,20.666666666666668,2nd
3160670,13,8,383,47.875,1st
3160671,8,12,263,21.916666666666668,1st
3160672,17,3,24,8,3rd
3160673,11,7,40,5.714285714285714,1st
3160674,17,3,55,18.333333333333332,3rd
3160676,16,4,225,56.25,3rd
3160679,8,6,69,11.5,1st
3160680,19,1,4,4,3rd
3160681,18,2,6,3,3rd
3160683,9,11,463,42.09090909090909,1st
3160686,7,13,304,23.384615384615383,1st
3160687,16,4,156,39,3rd
3160689,18,2,18,9,3rd
3160690,18,2,12,6,3rd
3160691,19,1,2,2,3rd
3160692,13,2,197,98.5,2nd
3160694,17,3,58,19.333333333333332,3rd
3160695,15,4,35,8.75,3rd
3160696,18,2,62,31,3rd
3160701,19,1,6,6,3rd
3160702,18,1,5,5,3rd
3160703,18,2,23,11.5,3rd
3160705,17,3,43,14.333333333333334,3rd
3160709,19,1,23,23,3rd
3160710,17,3,18,6,3rd
3160711,15,5,137,27.4,3rd
3160712,19,1,22,22,3rd
3160713,19,1,30,30,3rd
3160715,14,3,7,2.3333333333333335,2nd
3160717,13,7,95,13.571428571428571,1st
3160718,15,1,2,2,3rd
3160719,17,3,48,16,3rd
3160720,19,1,2,2,3rd
3160722,14,5,27,5.4,2nd
3160723,19,1,3,3,3rd
3160724,19,1,1,1,3rd
3160725,16,3,27,9,3rd
3160726,19,1,1,1,3rd
3160727,18,2,36,18,3rd
3160728,12,4,55,13.75,2nd
3160730,16,1,4,4,3rd
3160732,12,8,58,7.25,1st
3160733,18,1,11,11,3rd
3160734,16,4,10,2.5,3rd
3160737,19,1,10,10,3rd
3160738,16,4,57,14.25,3rd
3160739,19,1,1,1,3rd
3160743,12,8,115,14.375,1st
3160744,19,1,4,4,3rd
3160745,17,3,50,16.666666666666668,3rd
3160746,19,1,1,1,3rd
3160748,18,1,4,4,3rd
3160749,18,2,11,5.5,3rd
3160751,15,4,65,16.25,3rd
3160752,17,2,48,24,3rd
3160753,18,1,8,8,3rd
3160754,16,4,268,67,3rd
3160755,14,5,56,11.2,2nd
3160756,9,5,44,8.8,2nd
3160759,9,5,75,15,2nd
3160761,17,1,2,2,3rd
3160762,18,2,11,5.5,3rd
3160763,16,4,65,16.25,3rd
3160766,18,2,2,1,3rd
3160767,13,3,20,6.666666666666667,2nd
3160770,15,3,17,5.666666666666667,3rd
3160771,17,2,63,31.5,3rd
3160772,11,1,4,4,2nd
3160774,18,1,6,6,3rd
3160775,18,2,11,5.5,3rd
3160776,7,4,28,7,2nd
3160779,12,8,197,24.625,1st
3160780,17,3,44,14.666666666666666,3rd
3160782,8,8,92,11.5,1st
3160783,19,1,10,10,3rd
3160784,18,1,6,6,3rd
3160789,17,2,13,6.5,3rd
3160790,16,4,32,8,3rd
3160792,8,5,317,63.4,2nd
3160793,11,1,5,5,2nd
3160794,18,2,21,10.5,3rd
3160795,15,5,58,11.6,3rd
3160796,18,2,20,10,3rd
3160799,17,3,17,5.666666666666667,3rd
3160800,18,2,10,5,3rd
3160801,17,2,14,7,3rd
3160802,19,1,4,4,3rd
3160803,17,2,8,4,3rd
3160808,18,2,4,2,3rd
3160809,17,2,10,5,3rd
3160810,18,2,8,4,3rd
3160811,19,1,6,6,3rd
3160812,16,4,27,6.75,3rd
3160813,12,6,14,2.3333333333333335,1st
3160815,13,7,30,4.285714285714286,1st
3160816,11,5,52,10.4,2nd
3160818,10,10,362,36.2,1st
3160820,13,6,75,12.5,1st
3160821,18,2,78,39,3rd
3160822,19,1,3,3,3rd
3160823,19,1,2,2,3rd
3160824,18,2,18,9,3rd
3160827,7,4,52,13,2nd
3160830,17,2,13,6.5,3rd
3160831,7,7,27,3.857142857142857,1st
3160832,16,3,22,7.333333333333333,3rd
3160833,18,1,8,8,3rd
3160834,12,7,47,6.714285714285714,1st
3160836,16,3,25,8.333333333333334,3rd
3160840,19,1,8,8,3rd
3160841,14,5,63,12.6,2nd
3160842,14,5,18,3.6,2nd
3160844,9,8,112,14,1st
3160845,18,2,9,4.5,3rd
3160846,13,4,54,13.5,2nd
3160848,18,1,5,5,3rd
3160849,18,2,4,2,3rd
3160850,17,3,46,15.333333333333334,3rd
3160851,18,2,6,3,3rd
3160855,17,3,32,10.666666666666666,3rd
3160856,17,3,51,17,3rd
3160857,18,2,19,9.5,3rd
3160858,18,2,8,4,3rd
3160860,13,6,47,7.833333333333333,1st
3160861,13,7,26,3.7142857142857144,1st
3160862,16,2,23,11.5,3rd
3160863,18,2,12,6,3rd
3160867,19,1,34,34,3rd
3160868,19,1,1,1,3rd
3160870,16,4,309,77.25,3rd
3160872,15,4,650,162.5,3rd
3160873,16,3,669,223,3rd
3160874,17,2,8,4,3rd
3160876,16,3,60,20,3rd
3160877,15,3,11,3.6666666666666665,3rd
3160879,15,5,16,3.2,3rd
3160881,17,3,39,13,3rd
3160882,14,6,145,24.166666666666668,1st
3160883,17,1,6,6,3rd
3160885,15,3,16,5.333333333333333,3rd
3160886,6,8,38,4.75,1st
3160887,17,1,2,2,3rd
3160888,17,1,1,1,3rd
3160889,9,6,35,5.833333333333333,1st
3160890,16,1,1,1,3rd
3160892,18,1,17,17,3rd
3160895,17,2,9,4.5,3rd
3160897,7,8,187,23.375,1st
3160898,10,5,9,1.8,2nd
3160899,17,2,17,8.5,3rd
3160901,16,3,13,4.333333333333333,3rd
3160902,16,3,9,3,3rd
3160903,16,3,229,76.33333333333333,3rd
3160904,17,2,263,131.5,3rd
3160905,16,3,280,93.33333333333333,3rd
3160906,18,1,142,142,3rd
3160908,7,4,17,4.25,2nd
3160909,18,1,6,6,3rd
3160910,17,2,36,18,3rd
3160912,13,2,12,6,2nd
3160915,17,2,7,3.5,3rd
3160917,16,1,2,2,3rd
3160918,13,6,177,29.5,1st
3160920,7,8,1712,214,1st
3160922,18,1,7,7,3rd
3160923,18,1,19,19,3rd
3160924,16,3,31,10.333333333333334,3rd
3160926,10,3,11,3.6666666666666665,2nd
3160927,15,4,29,7.25,3rd
3160928,14,5,116,23.2,2nd
3160931,16,2,9,4.5,3rd
3160932,17,2,12,6,3rd
3160934,18,1,10,10,3rd
3160935,12,4,12,3,2nd
3160944,13,5,49,9.8,2nd
3160945,17,2,69,34.5,3rd
3160946,9,6,72,12,1st
3160953,18,1,4,4,3rd
3160960,13,4,42,10.5,2nd
3160961,10,6,67,11.166666666666666,1st
3160962,17,2,58,29,3rd
3160964,13,1,6,6,2nd
3160967,17,2,13,6.5,3rd
3160969,8,11,209,19,1st
3160970,18,1,1,1,3rd
3160973,15,4,61,15.25,3rd
3160974,13,5,30,6,2nd
3160978,18,1,4,4,3rd
3160979,18,1,2,2,3rd
3160980,10,8,487,60.875,1st
3160982,13,6,39,6.5,1st
3160983,6,13,1210,93.07692307692308,1st
3160984,13,5,21,4.2,2nd
3160985,14,5,22,4.4,2nd
3160987,11,4,15,3.75,2nd
3160988,15,4,58,14.5,3rd
3160991,17,2,17,8.5,3rd
3160992,16,3,85,28.333333333333332,3rd
3160995,18,1,10,10,3rd
3160996,18,1,5,5,3rd
3161002,17,1,4,4,3rd
3161007,15,4,80,20,3rd
3161009,13,5,32,6.4,2nd
3161010,13,3,18,6,2nd
3161012,17,2,9,4.5,3rd
3161014,16,3,10,3.3333333333333335,3rd
3161017,17,2,70,35,3rd
3161018,9,9,1967,218.55555555555554,1st
3161019,14,3,21,7,2nd
3161020,10,4,1276,319,2nd
3161021,7,8,2202,275.25,1st
3161022,10,3,1013,337.6666666666667,2nd
3161023,16,3,218,72.66666666666667,3rd
3161025,12,4,12,3,2nd
3161026,14,5,64,12.8,2nd
3161029,13,3,6,2,2nd
3161030,17,2,21,10.5,3rd
3161032,17,2,11,5.5,3rd
3161035,9,10,2208,220.8,1st
3161037,13,1,9,9,2nd
3161038,12,6,94,15.666666666666666,1st
3161039,18,1,2,2,3rd
3161040,9,1,28,28,2nd
3161042,8,4,69,17.25,2nd
3161044,15,3,33,11,3rd
3161045,9,10,484,48.4,1st
3161046,13,6,450,75,1st
3161047,15,4,21,5.25,3rd
3161049,17,2,10,5,3rd
3161050,17,2,10,5,3rd
3161052,17,2,133,66.5,3rd
3161054,11,5,17,3.4,2nd
3161057,17,2,15,7.5,3rd
3161059,18,1,16,16,3rd
3161060,9,10,75,7.5,1st
3161061,18,1,2,2,3rd
3161062,10,6,28,4.666666666666667,1st
3161068,17,2,3,1.5,3rd
3161070,17,2,12,6,3rd
3161077,16,2,11,5.5,3rd
3161080,16,3,11,3.6666666666666665,3rd
3161081,9,9,311,34.55555555555556,1st
3161085,17,2,4,2,3rd
3161086,18,1,4,4,3rd
3161087,17,2,9,4.5,3rd
3161088,16,3,188,62.666666666666664,3rd
3161090,18,1,2,2,3rd
3161091,9,5,17,3.4,2nd
3161092,18,1,6,6,3rd
3161093,16,3,32,10.666666666666666,3rd
3161094,13,6,54,9,1st
3161095,11,4,15,3.75,2nd
3161097,13,6,414,69,1st
3161098,16,1,6,6,3rd
3161100,17,1,4,4,3rd
3161101,15,2,6,3,3rd
3161104,17,1,2,2,3rd
3161105,17,2,4,2,3rd
3161109,17,2,5,2.5,3rd
3161110,17,2,9,4.5,3rd
3161120,16,3,20,6.666666666666667,3rd
3161122,17,1,2,2,3rd
3161125,18,1,6,6,3rd
3161131,15,4,15,3.75,3rd
3161132,17,2,8,4,3rd
3161137,17,2,42,21,3rd
3161138,16,3,33,11,3rd
3161140,16,2,7,3.5,3rd
3161142,13,5,30,6,2nd
3161144,16,1,4,4,3rd
3161145,10,6,50,8.333333333333334,1st
3161146,15,4,15,3.75,3rd
3161148,15,3,36,12,3rd
3161149,15,3,68,22.666666666666668,3rd
3161150,11,4,43,10.75,2nd
3161152,13,2,179,89.5,2nd
3161157,14,5,48,9.6,2nd
3161158,7,7,44,6.285714285714286,1st
3161159,9,9,93,10.333333333333334,1st
3161161,15,2,6,3,3rd
3161163,7,4,10,2.5,2nd
3161166,16,3,68,22.666666666666668,3rd
3161167,14,4,87,21.75,2nd
3161168,15,3,25,8.333333333333334,3rd
3161169,16,3,39,13,3rd
3161170,6,12,663,55.25,1st
3161171,16,2,36,18,3rd
3161173,12,3,18,6,2nd
3161174,11,7,49,7,1st
3161175,17,2,13,6.5,3rd
3161177,14,3,14,4.666666666666667,2nd
3161179,15,2,15,7.5,3rd
3161181,17,1,6,6,3rd
3161182,10,5,44,8.8,2nd
3161185,17,1,2,2,3rd
3161186,17,1,31,31,3rd
3161187,8,7,81,11.571428571428571,1st
3161188,14,3,40,13.333333333333334,2nd
3161189,16,2,14,7,3rd
3161196,10,6,23,3.8333333333333335,1st
3161197,17,1,3,3,3rd
3161198,7,2,5,2.5,2nd
3161199,15,1,2,2,3rd
3161200,17,1,4,4,3rd
3161203,16,2,14,7,3rd
3161204,17,1,5,5,3rd
3161206,12,6,62,10.333333333333334,1st
3161207,7,6,50,8.333333333333334,1st
3161209,17,1,11,11,3rd
3161210,16,2,5,2.5,3rd
3161214,17,1,49,49,3rd
3161215,17,1,49,49,3rd
3161216,17,1,57,57,3rd
3161218,12,6,1251,208.5,1st
3161219,9,7,870,124.28571428571429,1st
3161220,16,2,77,38.5,3rd
3161221,13,4,374,93.5,2nd
3161222,7,10,1796,179.6,1st
3161224,2,14,793,56.642857142857146,1st
3161232,15,1,1,1,3rd
3161234,16,2,14,7,3rd
3161235,13,3,16,5.333333333333333,2nd
3161238,15,3,19,6.333333333333333,3rd
3161239,16,2,55,27.5,3rd
3161240,14,4,159,39.75,2nd
3161243,17,1,18,18,3rd
3161244,16,2,17,8.5,3rd
3161247,9,6,21,3.5,1st
3161248,17,1,10,10,3rd
3161251,14,4,27,6.75,2nd
3161252,15,1,1,1,3rd
3161256,17,1,34,34,3rd
3161257,12,3,37,12.333333333333334,2nd
3161258,16,1,4,4,3rd
3161262,11,5,12,2.4,2nd
3161267,13,5,107,21.4,2nd
3161268,15,3,33,11,3rd
3161269,15,3,39,13,3rd
3161270,16,2,15,7.5,3rd
3161271,10,7,467,66.71428571428571,1st
3161272,15,2,5,2.5,3rd
3161273,9,7,55,7.857142857142857,1st
3161275,16,2,7,3.5,3rd
3161276,14,4,193,48.25,2nd
3161278,13,5,20,4,2nd
3161280,17,1,7,7,3rd
3161281,13,1,6,6,2nd
3161282,11,3,5,1.6666666666666667,2nd
3161293,10,5,42,8.4,2nd
3161297,15,3,8,2.6666666666666665,3rd
3161300,15,2,3,1.5,3rd
3161302,10,4,9,2.25,2nd
3161305,13,4,9,2.25,2nd
3161307,16,2,35,17.5,3rd
3161308,17,1,2,2,3rd
3161309,14,3,37,12.333333333333334,2nd
3161310,16,1,5,5,3rd
3161313,16,2,7,3.5,3rd
3161314,14,1,3,3,2nd
3161316,15,2,30,15,3rd
3161318,16,2,5,2.5,3rd
3161320,15,3,37,12.333333333333334,3rd
3161321,14,4,21,5.25,2nd
3161325,13,2,4,2,2nd
3161331,8,6,34,5.666666666666667,1st
3161332,14,3,59,19.666666666666668,2nd
3161334,9,9,138,15.333333333333334,1st
3161335,16,2,17,8.5,3rd
3161338,15,3,47,15.666666666666666,3rd
3161340,17,1,23,23,3rd
3161341,15,3,29,9.666666666666666,3rd
3161342,13,5,42,8.4,2nd
3161343,17,1,4,4,3rd
3161344,16,1,2,2,3rd
3161346,17,1,16,16,3rd
3161347,16,2,4,2,3rd
3161349,15,1,8,8,3rd
3161350,17,1,2,2,3rd
3161351,16,2,13,6.5,3rd
3161352,16,2,8,4,3rd
3161354,11,4,6,1.5,2nd
3161355,8,4,27,6.75,2nd
3161357,16,1,11,11,3rd
3161359,15,3,19,6.333333333333333,3rd
3161360,15,3,13,4.333333333333333,3rd
3161361,13,4,40,10,2nd
3161364,15,2,4,2,3rd
3161367,17,1,4,4,3rd
3161368,13,5,95,19,2nd
3161369,11,5,14,2.8,2nd
3161371,16,2,3,1.5,3rd
3161376,16,1,3,3,3rd
3161377,9,7,1705,243.57142857142858,1st
3161378,13,4,61,15.25,2nd
3161380,8,9,54,6,1st
3161383,15,3,14,4.666666666666667,3rd
3161386,17,1,1,1,3rd
3161389,17,1,1,1,3rd
3161391,15,3,17,5.666666666666667,3rd
3161393,14,4,46,11.5,2nd
3161396,15,1,2,2,3rd
3161402,14,4,331,82.75,2nd
3161405,13,5,107,21.4,2nd
3161406,12,3,14,4.666666666666667,2nd
3161407,13,4,194,48.5,2nd
3161408,13,5,161,32.2,2nd
3161410,9,9,907,100.77777777777777,1st
3161412,14,3,74,24.666666666666668,2nd
3161415,14,4,40,10,2nd
3161420,13,3,34,11.333333333333334,2nd
3161422,16,1,8,8,3rd
3161423,12,2,5,2.5,2nd
3161424,15,2,5,2.5,3rd
3161425,14,3,55,18.333333333333332,2nd
3161426,16,2,15,7.5,3rd
3161427,16,1,2,2,3rd
3161430,13,1,1,1,2nd
3161432,8,5,8,1.6,2nd
3161433,16,1,7,7,3rd
3161434,16,1,14,14,3rd
3161435,16,1,6,6,3rd
3161436,16,2,17,8.5,3rd
3161437,14,4,10,2.5,2nd
3161439,16,1,18,18,3rd
3161441,13,5,107,21.4,2nd
3161445,11,6,32,5.333333333333333,1st
3161448,12,4,37,9.25,2nd
3161449,9,5,24,4.8,2nd
3161453,10,5,1609,321.8,2nd
3161454,14,3,1e3,333.3333333333333,2nd
3161455,16,1,2,2,3rd
3161458,15,2,21,10.5,3rd
3161460,12,5,28,5.6,2nd
3161461,11,4,13,3.25,2nd
3161463,14,3,24,8,2nd
3161467,15,1,1,1,3rd
3161471,12,2,10,5,2nd
3161474,9,5,20,4,2nd
3161475,15,2,7,3.5,3rd
3161476,15,2,97,48.5,3rd
3161477,12,2,4,2,2nd
3161478,14,3,75,25,2nd
3161479,12,3,49,16.333333333333332,2nd
3161480,15,2,25,12.5,3rd
3161481,9,8,166,20.75,1st
3161483,9,8,90,11.25,1st
3161484,13,2,5,2.5,2nd
3161485,15,2,8,4,3rd
3161486,13,3,24,8,2nd
3161487,13,3,68,22.666666666666668,2nd
3161488,16,1,3,3,3rd
3161489,15,2,9,4.5,3rd
3161490,16,1,6,6,3rd
3161493,7,7,1533,219,1st
3161494,8,8,21,2.625,1st
3161495,14,2,12,6,2nd
3161497,16,1,12,12,3rd
3161498,14,2,14,7,2nd
3161499,15,2,6,3,3rd
3161501,14,3,32,10.666666666666666,2nd
3161502,14,3,95,31.666666666666668,2nd
3161503,15,1,1,1,3rd
3161504,15,2,133,66.5,3rd
3161510,15,2,5,2.5,3rd
3161512,14,3,45,15,2nd
3161513,12,5,12,2.4,2nd
3161514,16,1,2,2,3rd
3161515,16,1,2,2,3rd
3161517,16,1,2,2,3rd
3161518,13,4,49,12.25,2nd
3161519,12,4,76,19,2nd
3161522,16,1,4,4,3rd
3161524,8,8,404,50.5,1st
3161530,13,4,30,7.5,2nd
3161533,12,5,74,14.8,2nd
3161535,10,5,32,6.4,2nd
3161537,12,2,41,20.5,2nd
3161539,13,3,44,14.666666666666666,2nd
3161540,12,5,157,31.4,2nd
3161541,13,3,8,2.6666666666666665,2nd
3161542,15,2,5,2.5,3rd
3161547,14,3,258,86,2nd
3161548,9,5,123,24.6,2nd
3161549,15,2,79,39.5,3rd
3161550,16,1,18,18,3rd
3161551,16,1,18,18,3rd
3161552,16,1,12,12,3rd
3161556,16,1,2,2,3rd
3161558,15,1,1,1,3rd
3161560,13,4,55,13.75,2nd
3161561,7,4,101,25.25,2nd
3161562,6,8,2044,255.5,1st
3161564,13,4,62,15.5,2nd
3161565,14,3,1030,343.3333333333333,2nd
3161568,16,1,4,4,3rd
3161569,7,3,31,10.333333333333334,2nd
3161570,8,3,18,6,2nd
3161572,15,1,1,1,3rd
3161573,15,2,3,1.5,3rd
3161574,10,7,80,11.428571428571429,1st
3161575,11,6,65,10.833333333333334,1st
3161576,8,3,9,3,2nd
3161577,9,3,44,14.666666666666666,2nd
3161580,11,6,29,4.833333333333333,1st
3161582,13,4,19,4.75,2nd
3161583,15,2,36,18,3rd
3161587,15,2,10,5,3rd
3161588,15,2,25,12.5,3rd
3161589,15,2,21,10.5,3rd
3161590,9,6,56,9.333333333333334,1st
3161592,14,3,142,47.333333333333336,2nd
3161595,14,3,10,3.3333333333333335,2nd
3161596,15,2,9,4.5,3rd
3161598,15,2,4,2,3rd
3161599,12,3,8,2.6666666666666665,2nd
3161601,14,1,1,1,2nd
3161604,11,6,188,31.333333333333332,1st
3161605,11,4,35,8.75,2nd
3161606,16,1,13,13,3rd
3161608,14,3,14,4.666666666666667,2nd
3161609,13,3,14,4.666666666666667,2nd
3161610,14,3,30,10,2nd
3161612,16,1,3,3,3rd
3161613,9,8,150,18.75,1st
3161615,16,1,5,5,3rd
3161616,14,1,2,2,2nd
3161618,14,2,7,3.5,2nd
3161619,13,4,86,21.5,2nd
3161620,6,1,2,2,2nd
3161621,15,2,27,13.5,3rd
3161622,16,1,10,10,3rd
3161623,15,2,27,13.5,3rd
3161624,15,2,21,10.5,3rd
3161625,15,2,6,3,3rd
3161626,14,3,93,31,2nd
3161630,16,1,7,7,3rd
3161632,15,1,2,2,3rd
3161634,15,1,4,4,3rd
3161636,13,3,6,2,2nd
3161637,16,1,3,3,3rd
3161641,14,3,12,4,2nd
3161642,15,2,15,7.5,3rd
3161644,13,4,22,5.5,2nd
3161645,14,2,4,2,2nd
3161646,14,2,22,11,2nd
3161648,10,7,842,120.28571428571429,1st
3161652,4,8,286,35.75,1st
3161655,13,4,136,34,2nd
3161658,14,3,25,8.333333333333334,2nd
3161659,11,5,99,19.8,2nd
3161661,15,1,12,12,3rd
3161664,9,4,10,2.5,2nd
3161665,9,8,286,35.75,1st
3161666,12,5,63,12.6,2nd
3161668,12,5,171,34.2,2nd
3161669,7,8,189,23.625,1st
3161674,16,1,2,2,3rd
3161677,11,3,9,3,2nd
3161680,15,1,1,1,3rd
3161683,13,4,38,9.5,2nd
3161684,15,1,3,3,3rd
3161685,13,3,5,1.6666666666666667,2nd
3161686,10,3,12,4,2nd
3161688,15,1,3,3,3rd
3161693,14,3,7,2.3333333333333335,2nd
3161695,9,6,34,5.666666666666667,1st
3161697,15,2,11,5.5,3rd
3161698,14,2,4,2,2nd
3161701,15,1,3,3,3rd
3161702,13,2,18,9,2nd
3161708,14,3,116,38.666666666666664,2nd
3161709,8,2,256,128,2nd
3161710,15,2,35,17.5,3rd
3161711,15,2,45,22.5,3rd
3161712,14,3,62,20.666666666666668,2nd
3161714,10,5,132,26.4,2nd
3161715,15,2,19,9.5,3rd
3161716,13,3,8,2.6666666666666665,2nd
3161717,15,2,5,2.5,3rd
3161722,15,2,13,6.5,3rd
3161724,14,3,11,3.6666666666666665,2nd
3161725,7,9,57,6.333333333333333,1st
3161726,15,1,14,14,3rd
3161729,14,2,26,13,2nd
3161730,12,4,16,4,2nd
3161731,9,6,44,7.333333333333333,1st
3161732,14,2,8,4,2nd
3161733,14,2,15,7.5,2nd
3161734,13,4,98,24.5,2nd
3161738,16,1,3,3,3rd
3161739,15,2,3,1.5,3rd
3161741,15,2,9,4.5,3rd
3161743,10,5,38,7.6,2nd
3161744,9,7,37,5.285714285714286,1st
3161745,13,4,13,3.25,2nd
3161749,13,2,13,6.5,2nd
3161750,11,5,29,5.8,2nd
3161751,14,3,12,4,2nd
3161752,15,2,12,6,3rd
3161755,12,4,18,4.5,2nd
3161756,14,2,12,6,2nd
3161757,9,8,45,5.625,1st
3161759,3,10,230,23,1st
3161760,16,1,2,2,3rd
3161762,14,3,426,142,2nd
3161763,7,8,600,75,1st
3161766,8,8,85,10.625,1st
3161767,15,2,9,4.5,3rd
3161768,16,1,4,4,3rd
3161769,9,4,36,9,2nd
3161773,13,4,54,13.5,2nd
3161775,14,2,25,12.5,2nd
3161777,12,3,10,3.3333333333333335,2nd
3161778,12,2,8,4,2nd
3161780,13,4,53,13.25,2nd
3161781,14,3,71,23.666666666666668,2nd
3161782,12,5,87,17.4,2nd
3161783,9,4,90,22.5,2nd
3161785,14,1,1,1,2nd
3161786,5,10,503,50.3,1st
3161787,13,3,32,10.666666666666666,2nd
3161789,7,9,244,27.11111111111111,1st
3161791,14,2,7,3.5,2nd
3161792,15,1,6,6,3rd
3161793,13,3,64,21.333333333333332,2nd
3161795,11,4,65,16.25,2nd
3161796,10,6,125,20.833333333333332,1st
3161797,11,5,104,20.8,2nd
3161802,12,4,18,4.5,2nd
3161803,14,3,43,14.333333333333334,2nd
3161804,14,1,7,7,2nd
3161805,13,3,13,4.333333333333333,2nd
3161807,13,3,10,3.3333333333333335,2nd
3161809,10,5,152,30.4,2nd
3161812,14,2,20,10,2nd
3161813,13,4,9,2.25,2nd
3161814,15,1,2,2,3rd
3161815,14,2,24,12,2nd
3161816,7,4,48,12,2nd
3161817,10,5,12,2.4,2nd
3161818,14,2,12,6,2nd
3161824,15,1,2,2,3rd
3161825,10,6,822,137,1st
3161826,15,1,6,6,3rd
3161827,15,1,11,11,3rd
3161829,9,6,52,8.666666666666666,1st
3161831,14,2,10,5,2nd
3161832,8,3,24,8,2nd
3161834,15,1,2,2,3rd
3161836,9,2,32,16,2nd
3161837,12,4,22,5.5,2nd
3161841,13,2,6,3,2nd
3161842,14,2,3,1.5,2nd
3161843,10,6,204,34,1st
3161846,13,3,43,14.333333333333334,2nd
3161847,15,2,24,12,3rd
3161850,14,2,2,1,2nd
3161853,14,1,5,5,2nd
3161860,14,1,7,7,2nd
3161864,15,1,1,1,3rd
3161866,15,1,3,3,3rd
3161867,14,2,13,6.5,2nd
3161871,14,2,56,28,2nd
3161873,14,2,61,30.5,2nd
3161874,3,1,1,1,2nd
3161876,15,1,3,3,3rd
3161878,15,1,1,1,3rd
3161879,14,2,19,9.5,2nd
3161881,15,1,2,2,3rd
3161882,15,1,5,5,3rd
3161883,13,3,14,4.666666666666667,2nd
3161893,15,1,11,11,3rd
3161894,10,3,13,4.333333333333333,2nd
3161895,13,2,6,3,2nd
3161897,13,3,11,3.6666666666666665,2nd
3161901,7,9,120,13.333333333333334,1st
3161902,11,4,30,7.5,2nd
3161903,8,5,14,2.8,2nd
3161904,14,1,2,2,2nd
3161910,14,2,157,78.5,2nd
3161911,15,1,2,2,3rd
3161914,13,3,56,18.666666666666668,2nd
3161915,7,6,106,17.666666666666668,1st
3161917,15,1,1,1,3rd
3161919,14,1,2,2,2nd
3161922,15,1,10,10,3rd
3161924,15,1,3,3,3rd
3161926,15,1,3,3,3rd
3161927,15,1,2,2,3rd
3161932,11,1,2,2,2nd
3161933,14,2,18,9,2nd
3161934,13,3,14,4.666666666666667,2nd
3161935,15,1,11,11,3rd
3161936,13,2,5,2.5,2nd
3161937,15,1,4,4,3rd
3161939,14,1,3,3,2nd
3161942,14,2,10,5,2nd
3161945,10,6,3021,503.5,1st
3161946,8,7,62,8.857142857142858,1st
3161947,10,5,24,4.8,2nd
3161953,13,1,8,8,2nd
3161954,7,6,7,1.1666666666666667,1st
3161956,13,3,267,89,2nd
3161962,12,3,29,9.666666666666666,2nd
3161963,15,1,2,2,3rd
3161964,15,1,17,17,3rd
3161966,14,1,50,50,2nd
3161967,15,1,2,2,3rd
3161969,14,1,1,1,2nd
3161970,14,2,26,13,2nd
3161974,8,3,79,26.333333333333332,2nd
3161975,14,2,27,13.5,2nd
3161976,14,2,3,1.5,2nd
3161979,10,4,23,5.75,2nd
3161980,15,1,21,21,3rd
3161981,13,3,116,38.666666666666664,2nd
3161986,13,3,242,80.66666666666667,2nd
3161987,15,1,18,18,3rd
3161988,11,3,14,4.666666666666667,2nd
3161990,9,1,7,7,2nd
3161994,9,6,25,4.166666666666667,1st
3161996,15,1,6,6,3rd
3161997,11,3,12,4,2nd
3161998,15,1,5,5,3rd
3161999,14,2,10,5,2nd
3162004,10,2,7,3.5,2nd
3162005,14,1,2,2,2nd
3162006,14,2,22,11,2nd
3162007,15,1,4,4,3rd
3162009,12,3,12,4,2nd
3162010,12,4,82,20.5,2nd
3162012,15,1,6,6,3rd
3162013,14,2,6,3,2nd
3162017,12,3,8,2.6666666666666665,2nd
3162019,12,2,12,6,2nd
3162023,14,1,9,9,2nd
3162024,6,7,26,3.7142857142857144,1st
3162025,12,1,2,2,2nd
3162026,12,4,41,10.25,2nd
3162027,12,2,13,6.5,2nd
3162029,14,2,45,22.5,2nd
3162031,14,2,7,3.5,2nd
3162032,10,5,11,2.2,2nd
3162033,10,2,5,2.5,2nd
3162039,15,1,6,6,3rd
3162042,15,1,1,1,3rd
3162043,9,5,28,5.6,2nd
3162046,13,2,46,23,2nd
3162047,10,6,260,43.333333333333336,1st
3162055,10,4,71,17.75,2nd
3162056,14,1,2,2,2nd
3162057,14,1,2,2,2nd
3162059,12,2,3,1.5,2nd
3162061,12,4,85,21.25,2nd
3162062,14,2,11,5.5,2nd
3162063,15,1,2,2,3rd
3162064,14,1,1,1,2nd
3162065,13,3,68,22.666666666666668,2nd
3162066,13,3,58,19.333333333333332,2nd
3162067,13,3,14,4.666666666666667,2nd
3162068,11,3,103,34.333333333333336,2nd
3162069,12,3,18,6,2nd
3162071,14,1,2,2,2nd
3162072,12,4,43,10.75,2nd
3162073,12,3,25,8.333333333333334,2nd
3162074,14,2,40,20,2nd
3162077,13,3,7,2.3333333333333335,2nd
3162078,15,1,3,3,3rd
3162079,15,1,6,6,3rd
3162080,11,4,12,3,2nd
3162084,7,6,48,8,1st
3162087,10,5,450,90,2nd
3162089,13,3,22,7.333333333333333,2nd
3162093,15,1,2,2,3rd
3162094,8,4,40,10,2nd
3162096,14,2,204,102,2nd
3162097,9,2,35,17.5,2nd
3162099,14,1,7,7,2nd
3162100,14,2,19,9.5,2nd
3162102,10,3,3,1,2nd
3162106,14,2,33,16.5,2nd
3162107,7,5,27,5.4,2nd
3162108,7,5,51,10.2,2nd
3162113,13,1,2,2,2nd
3162114,15,1,9,9,3rd
3162115,15,1,4,4,3rd
3162117,14,1,2,2,2nd
3162119,14,2,39,19.5,2nd
3162120,14,1,2,2,2nd
3162121,14,1,2,2,2nd
3162122,14,1,3,3,2nd
3162123,14,1,13,13,2nd
3162127,13,1,1,1,2nd
3162131,12,4,240,60,2nd
3162132,15,1,7,7,3rd
3162134,10,5,1229,245.8,2nd
3162137,12,3,101,33.666666666666664,2nd
3162138,13,1,6,6,2nd
3162139,15,1,3,3,3rd
3162144,9,7,30,4.285714285714286,1st
3162147,12,2,4,2,2nd
3162149,7,3,30,10,2nd
3162150,15,1,4,4,3rd
3162151,13,3,90,30,2nd
3162152,9,5,29,5.8,2nd
3162153,13,2,10,5,2nd
3162155,14,1,3,3,2nd
3162157,14,2,7,3.5,2nd
3162158,7,9,1454,161.55555555555554,1st
3162159,9,7,316,45.142857142857146,1st
3162162,14,1,4,4,2nd
3162164,12,4,115,28.75,2nd
3162167,13,3,7,2.3333333333333335,2nd
3162168,14,1,2,2,2nd
3162169,13,2,65,32.5,2nd
3162171,9,3,24,8,2nd
3162172,13,2,7,3.5,2nd
3162173,9,6,41,6.833333333333333,1st
3162176,13,1,1,1,2nd
3162177,15,1,2,2,3rd
3162179,13,2,12,6,2nd
3162182,13,1,1,1,2nd
3162183,12,3,28,9.333333333333334,2nd
3162184,12,1,2,2,2nd
3162185,13,1,3,3,2nd
3162186,13,1,2,2,2nd
3162188,10,3,12,4,2nd
3162189,14,2,5,2.5,2nd
3162193,14,1,4,4,2nd
3162194,14,1,3,3,2nd
3162197,11,5,34,6.8,2nd
3162198,11,2,6,3,2nd
3162200,13,1,1,1,2nd
3162203,14,1,2,2,2nd
3162205,9,5,38,7.6,2nd
3162206,13,2,30,15,2nd
3162207,13,3,36,12,2nd
3162209,12,3,62,20.666666666666668,2nd
3162212,14,1,3,3,2nd
3162213,12,3,12,4,2nd
3162214,14,1,1,1,2nd
3162217,13,2,11,5.5,2nd
3162218,11,4,63,15.75,2nd
3162221,9,5,36,7.2,2nd
3162222,13,2,15,7.5,2nd
3162224,14,1,13,13,2nd
3162225,12,3,31,10.333333333333334,2nd
3162226,14,1,8,8,2nd
3162232,12,2,4,2,2nd
3162234,10,1,11,11,2nd
3162236,14,1,2,2,2nd
3162239,13,2,13,6.5,2nd
3162242,14,1,5,5,2nd
3162244,12,3,10,3.3333333333333335,2nd
3162246,14,1,2,2,2nd
3162248,8,5,801,160.2,2nd
3162250,13,1,156,156,2nd
3162251,9,6,2050,341.6666666666667,1st
3162252,13,2,171,85.5,2nd
3162254,9,6,1679,279.8333333333333,1st
3162255,9,5,50,10,2nd
3162256,9,6,419,69.83333333333333,1st
3162257,10,5,1086,217.2,2nd
3162259,10,5,264,52.8,2nd
3162260,9,4,24,6,2nd
3162262,12,3,83,27.666666666666668,2nd
3162263,12,2,4,2,2nd
3162265,3,12,937,78.08333333333333,1st
3162266,14,1,2,2,2nd
3162267,14,1,2,2,2nd
3162270,10,5,61,12.2,2nd
3162271,13,2,24,12,2nd
3162272,14,1,33,33,2nd
3162274,14,1,3,3,2nd
3162279,9,4,30,7.5,2nd
3162284,13,2,8,4,2nd
3162288,13,2,102,51,2nd
3162293,12,3,11,3.6666666666666665,2nd
3162297,14,1,17,17,2nd
3162298,10,5,255,51,2nd
3162302,7,7,110,15.714285714285714,1st
3162310,10,5,217,43.4,2nd
3162313,13,2,38,19,2nd
3162317,8,7,1389,198.42857142857142,1st
3162319,13,2,26,13,2nd
3162322,13,2,28,14,2nd
3162323,13,1,20,20,2nd
3162324,10,5,1362,272.4,2nd
3162326,9,3,49,16.333333333333332,2nd
3162327,14,1,20,20,2nd
3162329,7,3,33,11,2nd
3162330,14,1,2,2,2nd
3162333,10,3,7,2.3333333333333335,2nd
3162334,11,1,2,2,2nd
3162335,13,2,11,5.5,2nd
3162336,9,5,37,7.4,2nd
3162337,14,1,6,6,2nd
3162338,12,3,21,7,2nd
3162340,14,1,2,2,2nd
3162341,13,2,32,16,2nd
3162344,12,3,258,86,2nd
3162345,8,7,734,104.85714285714286,1st
3162346,13,2,32,16,2nd
3162350,13,2,11,5.5,2nd
3162352,9,4,7,1.75,2nd
3162353,10,1,4,4,2nd
3162354,13,1,5,5,2nd
3162356,13,2,16,8,2nd
3162357,13,2,9,4.5,2nd
3162358,14,1,8,8,2nd
3162360,12,3,171,57,2nd
3162361,12,1,10,10,2nd
3162363,13,2,18,9,2nd
3162368,14,1,6,6,2nd
3162370,14,1,4,4,2nd
3162371,13,2,4,2,2nd
3162372,13,2,10,5,2nd
3162373,14,1,19,19,2nd
3162374,13,2,11,5.5,2nd
3162375,14,1,12,12,2nd
3162376,13,2,11,5.5,2nd
3162377,14,1,4,4,2nd
3162378,14,1,20,20,2nd
3162379,12,3,22,7.333333333333333,2nd
3162380,13,2,6,3,2nd
3162381,14,1,6,6,2nd
3162383,13,1,4,4,2nd
3162387,13,1,10,10,2nd
3162389,12,3,40,13.333333333333334,2nd
3162390,14,1,4,4,2nd
3162392,13,2,4,2,2nd
3162394,14,1,13,13,2nd
3162398,9,4,28,7,2nd
3162399,13,2,33,16.5,2nd
3162400,14,1,1,1,2nd
3162402,11,3,11,3.6666666666666665,2nd
3162404,12,3,45,15,2nd
3162405,13,1,2,2,2nd
3162407,12,1,1,1,2nd
3162408,9,6,33,5.5,1st
3162409,8,2,9,4.5,2nd
3162410,13,2,4,2,2nd
3162412,13,1,4,4,2nd
3162415,14,1,2,2,2nd
3162416,13,1,7,7,2nd
3162417,7,7,1964,280.57142857142856,1st
3162423,13,1,5,5,2nd
3162425,13,1,4,4,2nd
3162426,13,2,40,20,2nd
3162431,13,1,9,9,2nd
3162433,12,3,11,3.6666666666666665,2nd
3162439,8,4,171,42.75,2nd
3162440,12,1,1,1,2nd
3162441,12,3,9,3,2nd
3162449,14,1,16,16,2nd
3162450,12,3,35,11.666666666666666,2nd
3162452,12,3,63,21,2nd
3162454,11,2,4,2,2nd
3162455,13,2,4,2,2nd
3162456,13,2,31,15.5,2nd
3162463,14,1,1,1,2nd
3162465,14,1,1,1,2nd
3162469,13,2,31,15.5,2nd
3162470,8,5,16,3.2,2nd
3162471,10,5,170,34,2nd
3162472,13,1,2,2,2nd
3162473,9,6,203,33.833333333333336,1st
3162474,12,1,5,5,2nd
3162475,7,5,61,12.2,2nd
3162476,11,4,33,8.25,2nd
3162479,8,1,1,1,2nd
3162482,10,2,18,9,2nd
3162483,13,1,2,2,2nd
3162484,14,1,2,2,2nd
3162486,8,4,11,2.75,2nd
3162488,12,3,21,7,2nd
3162490,12,3,57,19,2nd
3162492,11,1,3,3,2nd
3162493,12,3,28,9.333333333333334,2nd
3162495,12,2,19,9.5,2nd
3162497,13,2,23,11.5,2nd
3162498,12,2,5,2.5,2nd
3162499,14,1,4,4,2nd
3162502,13,1,4,4,2nd
3162505,9,4,59,14.75,2nd
3162508,12,2,13,6.5,2nd
3162509,9,4,73,18.25,2nd
3162512,13,1,13,13,2nd
3162514,13,1,2,2,2nd
3162515,13,1,4,4,2nd
3162516,13,1,3,3,2nd
3162517,12,2,6,3,2nd
3162518,13,2,26,13,2nd
3162520,11,4,122,30.5,2nd
3162521,13,1,4,4,2nd
3162523,11,3,63,21,2nd
3162525,12,1,2,2,2nd
3162526,12,3,25,8.333333333333334,2nd
3162527,8,3,29,9.666666666666666,2nd
3162529,12,2,3,1.5,2nd
3162531,8,2,2,1,2nd
3162532,11,3,17,5.666666666666667,2nd
3162533,14,1,1,1,2nd
3162540,13,1,5,5,2nd
3162552,11,3,121,40.333333333333336,2nd
3162554,13,1,3,3,2nd
3162556,10,3,30,10,2nd
3162557,13,1,15,15,2nd
3162558,13,1,12,12,2nd
3162559,11,2,9,4.5,2nd
3162561,11,3,27,9,2nd
3162562,13,1,2,2,2nd
3162564,12,2,6,3,2nd
3162565,9,3,27,9,2nd
3162579,9,3,14,4.666666666666667,2nd
3162580,13,1,7,7,2nd
3162583,12,2,8,4,2nd
3162586,13,1,5,5,2nd
3162587,13,1,2,2,2nd
3162588,12,1,2,2,2nd
3162591,9,5,220,44,2nd
3162592,8,4,63,15.75,2nd
3162603,12,2,6,3,2nd
3162605,13,1,1,1,2nd
3162611,10,2,8,4,2nd
3162614,13,1,2,2,2nd
3162616,13,1,3,3,2nd
3162618,12,2,6,3,2nd
3162623,10,4,62,15.5,2nd
3162624,12,2,21,10.5,2nd
3162626,12,1,1,1,2nd
3162627,8,4,29,7.25,2nd
3162628,11,3,182,60.666666666666664,2nd
3162630,9,5,56,11.2,2nd
3162631,7,4,46,11.5,2nd
3162635,12,2,43,21.5,2nd
3162637,13,1,2,2,2nd
3162639,13,1,7,7,2nd
3162642,10,4,65,16.25,2nd
3162644,12,2,283,141.5,2nd
3162647,13,1,3,3,2nd
3162648,12,1,2,2,2nd
3162649,13,1,2,2,2nd
3162650,13,1,4,4,2nd
3162651,7,7,537,76.71428571428571,1st
3162652,13,1,4,4,2nd
3162653,10,3,23,7.666666666666667,2nd
3162655,13,1,11,11,2nd
3162656,13,1,2,2,2nd
3162657,10,2,4,2,2nd
3162658,10,3,49,16.333333333333332,2nd
3162662,9,1,9,9,2nd
3162665,9,5,220,44,2nd
3162666,10,2,2,1,2nd
3162672,7,7,267,38.142857142857146,1st
3162674,8,5,36,7.2,2nd
3162675,13,1,5,5,2nd
3162681,13,1,3,3,2nd
3162682,13,1,6,6,2nd
3162683,13,1,2,2,2nd
3162684,12,1,2,2,2nd
3162688,12,2,10,5,2nd
3162693,12,1,5,5,2nd
3162696,12,1,1,1,2nd
3162698,12,1,3,3,2nd
3162699,7,7,202,28.857142857142858,1st
3162700,13,1,2,2,2nd
3162701,13,1,9,9,2nd
3162702,13,1,2,2,2nd
3162707,8,4,8,2,2nd
3162708,10,3,15,5,2nd
3162709,11,1,1,1,2nd
3162710,13,1,1,1,2nd
3162711,13,1,9,9,2nd
3162717,5,9,563,62.55555555555556,1st
3162718,13,1,7,7,2nd
3162720,12,2,3,1.5,2nd
3162721,13,1,6,6,2nd
3162725,12,2,4,2,2nd
3162726,9,3,4,1.3333333333333333,2nd
3162727,13,1,3,3,2nd
3162729,11,2,6,3,2nd
3162733,11,3,486,162,2nd
3162736,12,1,3,3,2nd
3162741,13,1,7,7,2nd
3162742,12,2,15,7.5,2nd
3162743,12,2,13,6.5,2nd
3162747,8,5,20,4,2nd
3162748,12,1,2,2,2nd
3162750,12,1,2,2,2nd
3162751,12,1,4,4,2nd
3162753,13,1,1,1,2nd
3162754,13,1,7,7,2nd
3162755,9,3,20,6.666666666666667,2nd
3162756,9,3,18,6,2nd
3162758,12,1,10,10,2nd
3162759,12,1,4,4,2nd
3162761,12,2,15,7.5,2nd
3162762,7,3,11,3.6666666666666665,2nd
3162763,12,2,9,4.5,2nd
3162767,12,1,6,6,2nd
3162768,9,2,4,2,2nd
3162769,13,1,4,4,2nd
3162773,10,1,1,1,2nd
3162774,7,1,1,1,2nd
3162775,7,2,12,6,2nd
3162776,10,3,5,1.6666666666666667,2nd
3162777,12,1,5,5,2nd
3162779,12,2,52,26,2nd
3162781,12,1,13,13,2nd
3162783,10,4,112,28,2nd
3162784,13,1,1,1,2nd
3162787,11,3,19,6.333333333333333,2nd
3162791,12,2,7,3.5,2nd
3162795,12,2,26,13,2nd
3162796,7,6,79,13.166666666666666,1st
3162798,9,4,149,37.25,2nd
3162800,12,1,3,3,2nd
3162802,11,1,1,1,2nd
3162805,9,5,49,9.8,2nd
3162808,11,3,21,7,2nd
3162811,11,2,49,24.5,2nd
3162814,6,2,4,2,2nd
3162815,7,7,60,8.571428571428571,1st
3162818,8,4,50,12.5,2nd
3162819,13,1,2,2,2nd
3162822,12,2,34,17,2nd
3162823,9,1,2,2,2nd
3162826,10,1,4,4,2nd
3162828,11,2,30,15,2nd
3162829,10,3,24,8,2nd
3162830,8,1,3,3,2nd
3162838,13,1,2,2,2nd
3162843,12,1,12,12,2nd
3162845,12,1,6,6,2nd
3162848,9,2,7,3.5,2nd
3162856,12,1,3,3,2nd
3162857,12,2,4,2,2nd
3162859,9,4,60,15,2nd
3162861,11,3,25,8.333333333333334,2nd
3162863,7,6,209,34.833333333333336,1st
3162866,7,1,1,1,2nd
3162867,12,1,3,3,2nd
3162868,10,1,4,4,2nd
3162870,11,2,43,21.5,2nd
3162875,12,1,9,9,2nd
3162876,12,1,3,3,2nd
3162877,12,1,8,8,2nd
3162878,12,1,27,27,2nd
3162880,9,4,38,9.5,2nd
3162882,11,2,9,4.5,2nd
3162883,12,1,3,3,2nd
3162884,10,3,56,18.666666666666668,2nd
3162893,11,2,59,29.5,2nd
3162897,12,1,1,1,2nd
3162898,12,1,1,1,2nd
3162904,11,2,4,2,2nd
3162905,8,5,107,21.4,2nd
3162906,10,1,14,14,2nd
3162909,11,1,3,3,2nd
3162913,8,5,323,64.6,2nd
3162915,8,4,27,6.75,2nd
3162916,10,1,5,5,2nd
3162922,10,2,6,3,2nd
3162926,12,1,2,2,2nd
3162928,12,1,94,94,2nd
3162929,11,2,8,4,2nd
3162930,11,2,42,21,2nd
3162932,12,1,3,3,2nd
3162936,12,1,9,9,2nd
3162941,10,2,24,12,2nd
3162943,7,6,215,35.833333333333336,1st
3162945,12,1,6,6,2nd
3162951,12,1,1,1,2nd
3162953,12,1,6,6,2nd
3162954,10,3,12,4,2nd
3162959,12,1,7,7,2nd
3162960,7,4,7,1.75,2nd
3162963,11,1,2,2,2nd
3162967,10,3,17,5.666666666666667,2nd
3162968,12,1,4,4,2nd
3162970,11,2,3,1.5,2nd
3162971,10,2,19,9.5,2nd
3162972,12,1,1,1,2nd
3162973,9,3,32,10.666666666666666,2nd
3162974,9,1,5,5,2nd
3162975,3,3,52,17.333333333333332,2nd
3162976,7,4,48,12,2nd
3162977,9,4,124,31,2nd
3162979,12,1,5,5,2nd
3162985,11,2,8,4,2nd
3162987,11,2,38,19,2nd
3162989,8,4,12,3,2nd
3162990,12,1,7,7,2nd
3162992,12,1,1,1,2nd
3162994,9,1,38,38,2nd
3162996,11,2,66,33,2nd
3162997,11,2,14,7,2nd
3163000,12,1,4,4,2nd
3163002,10,3,6,2,2nd
3163003,7,6,21,3.5,1st
3163004,10,2,6,3,2nd
3163007,11,2,6,3,2nd
3163009,7,4,5,1.25,2nd
3163012,7,2,4,2,2nd
3163018,12,1,4,4,2nd
3163020,10,2,5,2.5,2nd
3163022,12,1,2,2,2nd
3163023,9,2,5,2.5,2nd
3163024,11,1,4,4,2nd
3163025,10,3,5,1.6666666666666667,2nd
3163027,9,2,2,1,2nd
3163031,11,1,5,5,2nd
3163032,10,2,25,12.5,2nd
3163040,10,3,127,42.333333333333336,2nd
3163041,12,1,2,2,2nd
3163042,11,2,36,18,2nd
3163046,10,3,49,16.333333333333332,2nd
3163050,11,1,1,1,2nd
3163051,8,5,128,25.6,2nd
3163052,9,4,74,18.5,2nd
3163053,9,1,3,3,2nd
3163054,10,1,8,8,2nd
3163056,7,5,63,12.6,2nd
3163058,11,2,5,2.5,2nd
3163059,11,2,11,5.5,2nd
3163060,11,1,4,4,2nd
3163063,10,3,56,18.666666666666668,2nd
3163068,9,3,15,5,2nd
3163069,7,5,118,23.6,2nd
3163071,12,1,1,1,2nd
3163072,11,1,4,4,2nd
3163074,10,1,1,1,2nd
3163076,9,3,284,94.66666666666667,2nd
3163078,9,3,59,19.666666666666668,2nd
3170001,11,1,2,2,2nd
3170002,9,1,3,3,2nd
3170003,9,1,4,4,2nd
3170004,9,3,20,6.666666666666667,2nd
3170007,9,3,15,5,2nd
3170008,10,2,7,3.5,2nd
3170009,9,3,22,7.333333333333333,2nd
3170013,9,3,103,34.333333333333336,2nd
3170014,10,2,23,11.5,2nd
3170020,10,2,21,10.5,2nd
3170022,9,3,9,3,2nd
3170023,11,1,2,2,2nd
3170024,10,2,30,15,2nd
3170027,11,1,6,6,2nd
3170029,7,4,11,2.75,2nd
3170031,10,1,2,2,2nd
3170034,8,4,9,2.25,2nd
3170036,7,2,8,4,2nd
3170039,6,6,18,3,1st
3170040,9,3,95,31.666666666666668,2nd
3170041,10,2,10,5,2nd
3170048,11,1,6,6,2nd
3170049,10,2,20,10,2nd
3170050,11,1,8,8,2nd
3170051,10,2,3,1.5,2nd
3170052,10,2,14,7,2nd
3170053,11,1,2,2,2nd
3170054,9,3,263,87.66666666666667,2nd
3170055,10,2,36,18,2nd
3170056,8,4,163,40.75,2nd
3170060,10,1,4,4,2nd
3170067,8,2,3,1.5,2nd
3170075,10,2,19,9.5,2nd
3170078,10,1,15,15,2nd
3170080,8,4,48,12,2nd
3170081,7,5,131,26.2,2nd
3170084,7,5,1078,215.6,2nd
3170085,6,5,48,9.6,2nd
3170086,11,1,1,1,2nd
3170097,9,2,234,117,2nd
3170098,10,2,5,2.5,2nd
3170101,9,3,58,19.333333333333332,2nd
3170107,9,2,22,11,2nd
3170108,11,1,3,3,2nd
3170113,11,1,4,4,2nd
3170117,11,1,2,2,2nd
3170118,10,2,3,1.5,2nd
3170119,10,1,2,2,2nd
3170122,11,1,3,3,2nd
3170129,10,2,13,6.5,2nd
3170134,11,1,2,2,2nd
3170137,9,2,9,4.5,2nd
3170145,8,3,4,1.3333333333333333,2nd
3170147,10,2,14,7,2nd
3170149,8,4,111,27.75,2nd
3170153,10,1,4,4,2nd
3170156,8,3,9,3,2nd
3170160,8,2,10,5,2nd
3170161,9,1,6,6,2nd
3170167,10,2,12,6,2nd
3170170,9,2,9,4.5,2nd
3170172,9,3,32,10.666666666666666,2nd
3170173,8,3,23,7.666666666666667,2nd
3170174,9,1,2,2,2nd
3170175,9,1,5,5,2nd
3170178,10,1,7,7,2nd
3170179,10,1,7,7,2nd
3170180,10,1,7,7,2nd
3170182,10,1,1,1,2nd
3170185,10,1,2,2,2nd
3170186,10,1,2,2,2nd
3170187,8,2,4,2,2nd
3170190,10,1,11,11,2nd
3170193,8,1,4,4,2nd
3170195,8,2,8,4,2nd
3170197,10,1,12,12,2nd
3170206,9,1,2,2,2nd
3170212,9,1,1,1,2nd
3170215,10,1,50,50,2nd
3170217,8,3,60,20,2nd
3170219,10,1,7,7,2nd
3170221,10,1,1,1,2nd
3170226,9,1,7,7,2nd
3170230,9,2,6,3,2nd
3170231,10,1,4,4,2nd
3170234,10,1,9,9,2nd
3170239,8,3,61,20.333333333333332,2nd
3170248,7,4,19,4.75,2nd
3170251,7,4,44,11,2nd
3170253,9,1,5,5,2nd
3170255,9,2,26,13,2nd
3170263,10,1,2,2,2nd
3170265,10,1,5,5,2nd
3170266,7,2,13,6.5,2nd
3170267,7,1,2,2,2nd
3170268,10,1,2,2,2nd
3170271,7,3,13,4.333333333333333,2nd
3170275,8,3,21,7,2nd
3170277,9,1,10,10,2nd
3170278,8,2,9,4.5,2nd
3170279,9,2,11,5.5,2nd
3170280,9,2,10,5,2nd
3170283,9,1,3,3,2nd
3170285,10,1,1,1,2nd
3170287,9,2,65,32.5,2nd
3170288,8,2,15,7.5,2nd
3170291,8,3,66,22,2nd
3170292,8,3,11,3.6666666666666665,2nd
3170293,10,1,3,3,2nd
3170298,7,2,3,1.5,2nd
3170299,10,1,2,2,2nd
3170301,9,2,8,4,2nd
3170310,7,3,93,31,2nd
3170312,7,4,57,14.25,2nd
3170314,7,2,2,1,2nd
3170319,10,1,8,8,2nd
3170321,8,3,22,7.333333333333333,2nd
3170322,3,3,88,29.333333333333332,2nd
3170325,10,1,4,4,2nd
3170328,7,1,24,24,2nd
3170330,9,1,7,7,2nd
3170331,10,1,3,3,2nd
3170335,8,3,54,18,2nd
3170341,8,3,158,52.666666666666664,2nd
3170342,9,1,6,6,2nd
3170344,10,1,4,4,2nd
3170353,9,2,16,8,2nd
3170354,9,1,7,7,2nd
3170355,8,2,4,2,2nd
3170356,7,3,24,8,2nd
3170357,10,1,11,11,2nd
3170359,10,1,7,7,2nd
3170362,9,2,24,12,2nd
3170363,7,2,12,6,2nd
3170365,9,2,59,29.5,2nd
3170367,8,3,12,4,2nd
3170373,10,1,7,7,2nd
3170376,8,2,10,5,2nd
3170386,9,2,36,18,2nd
3170392,9,2,53,26.5,2nd
3170393,9,2,8,4,2nd
3170396,8,3,18,6,2nd
3170399,8,2,12,6,2nd
3170402,8,3,10,3.3333333333333335,2nd
3170404,9,1,2,2,2nd
3170407,8,2,11,5.5,2nd
3170409,9,2,4,2,2nd
3170414,9,2,7,3.5,2nd
3170415,9,2,6,3,2nd
3170420,7,2,9,4.5,2nd
3170423,10,1,6,6,2nd
3170424,7,3,31,10.333333333333334,2nd
3170426,9,2,7,3.5,2nd
3170427,10,1,14,14,2nd
3170428,9,2,6,3,2nd
3170430,8,1,2,2,2nd
3170433,7,3,9,3,2nd
3170439,8,2,14,7,2nd
3170442,9,1,9,9,2nd
3170461,9,1,1,1,2nd
3170466,8,2,6,3,2nd
3170470,9,1,23,23,2nd
3170478,9,1,7,7,2nd
3170482,9,1,6,6,2nd
3170487,9,1,2,2,2nd
3170491,9,1,5,5,2nd
3170492,7,3,77,25.666666666666668,2nd
3170493,7,3,73,24.333333333333332,2nd
3170494,9,1,14,14,2nd
3170495,9,1,10,10,2nd
3170496,9,1,10,10,2nd
3170497,9,1,35,35,2nd
3170520,9,1,3,3,2nd
3170521,7,3,9,3,2nd
3170524,7,3,7,2.3333333333333335,2nd
3170527,7,3,45,15,2nd
3170528,8,1,4,4,2nd
3170531,8,1,2,2,2nd
3170532,9,1,33,33,2nd
3170537,8,2,55,27.5,2nd
3170539,9,1,4,4,2nd
3170540,9,1,11,11,2nd
3170542,8,2,17,8.5,2nd
3170545,8,1,7,7,2nd
3170548,9,1,9,9,2nd
3170550,8,1,2,2,2nd
3170561,9,1,10,10,2nd
3170562,9,1,12,12,2nd
3170567,8,1,9,9,2nd
3170569,7,3,26,8.666666666666666,2nd
3170571,8,2,3,1.5,2nd
3170573,8,1,3,3,2nd
3170579,9,1,4,4,2nd
3170582,7,3,622,207.33333333333334,2nd
3170584,9,1,7,7,2nd
3170586,9,1,2,2,2nd
3170588,7,2,2,1,2nd
3170589,7,3,8,2.6666666666666665,2nd
3170590,7,3,13,4.333333333333333,2nd
3170592,9,1,4,4,2nd
3170594,9,1,16,16,2nd
3170596,9,1,2,2,2nd
3170600,9,1,1,1,2nd
3170601,9,1,2,2,2nd
3170607,8,1,3,3,2nd
3170615,7,1,1,1,2nd
3170618,8,1,4,4,2nd
3170624,9,1,2,2,2nd
3170626,9,1,3,3,2nd
3170631,8,1,4,4,2nd
3170641,8,2,19,9.5,2nd
3170642,7,3,52,17.333333333333332,2nd
3170643,8,2,9,4.5,2nd
3170651,7,3,22,7.333333333333333,2nd
3170652,8,2,12,6,2nd
3170654,8,2,11,5.5,2nd
3170655,7,2,27,13.5,2nd
3170656,8,1,4,4,2nd
3170659,7,3,17,5.666666666666667,2nd
3170660,9,1,1,1,2nd
3170671,7,3,27,9,2nd
3170674,8,1,1,1,2nd
3170678,3,1,2,2,2nd
3170684,7,1,1,1,2nd
3170686,8,1,1,1,2nd
3170690,8,2,4,2,2nd
3170691,9,1,3,3,2nd
3170693,7,3,29,9.666666666666666,2nd
3170704,8,1,6,6,2nd
3170706,8,2,9,4.5,2nd
3170713,6,3,70,23.333333333333332,2nd
3170715,8,1,5,5,2nd
3170720,7,1,1,1,2nd
3170722,7,2,8,4,2nd
3170723,8,1,71,71,2nd
3170729,8,1,2,2,2nd
3170731,7,2,12,6,2nd
3170732,8,1,2,2,2nd
3170735,8,1,1,1,2nd
3170739,7,1,1,1,2nd
3170746,7,1,10,10,2nd
3170752,7,1,1,1,2nd
3170758,7,1,2,2,2nd
3170759,7,2,5,2.5,2nd
3170766,7,2,20,10,2nd
3170774,7,2,2,1,2nd
3170779,7,2,35,17.5,2nd
3170782,7,1,10,10,2nd
3170784,7,2,10,5,2nd
3170786,8,1,10,10,2nd
3170797,8,1,8,8,2nd
3170798,7,2,12,6,2nd
3170800,7,1,3,3,2nd
3170802,7,1,2,2,2nd
3170809,8,1,2,2,2nd
3170812,7,2,44,22,2nd
3170813,8,1,32,32,2nd
3170816,7,1,2,2,2nd
3170820,7,1,2,2,2nd
3170821,8,1,3,3,2nd
3170826,7,1,3,3,2nd
3170839,7,2,10,5,2nd
3170843,7,1,17,17,2nd
3170844,7,2,10,5,2nd
3170857,6,2,29,14.5,2nd
3170861,7,1,6,6,2nd
3170863,7,1,2,2,2nd
3170864,7,1,9,9,2nd
3170875,7,1,12,12,2nd
3170893,7,1,2,2,2nd
3170895,7,1,1,1,2nd
3170903,6,1,1,1,2nd
3170922,7,1,2,2,2nd
3170928,6,1,3,3,2nd
3170929,6,1,3,3,2nd
3170930,7,1,5,5,2nd
3170951,1,7,276,39.42857142857143,1st
3170968,6,2,4,2,2nd
3170969,6,1,4,4,2nd
3170988,7,1,2,2,2nd
3171003,7,1,2,2,2nd
3171020,6,1,1,1,2nd
3171021,7,1,2,2,2nd
3171049,6,1,2,2,2nd
3171062,5,3,93,31,2nd
3171063,3,5,217,43.4,2nd
3171064,3,5,690,138,2nd
3171066,3,5,327,65.4,2nd
3171072,7,1,1,1,2nd
3171089,5,1,28,28,2nd
3171235,3,3,388,129.33333333333334,2nd
3171302,4,2,32,16,2nd
3171311,3,3,132,44,2nd
3171314,3,3,121,40.333333333333336,2nd
3330188,22,2,2,1,3rd
3330194,18,1,9,9,3rd
3330269,12,5,126,25.2,2nd
3330341,18,3,58,19.333333333333332,3rd
3330379,11,4,68,17,2nd
3330473,9,5,111,22.2,2nd
3330571,21,3,31,10.333333333333334,3rd
3330664,21,2,15,7.5,3rd
3330797,14,8,188,23.5,1st
3331219,13,11,638,58,1st
3331571,7,1,7,7,2nd
3331875,23,1,2,2,3rd
3332159,15,4,51,12.75,3rd
3332198,9,10,144,14.4,1st
3332234,17,4,1496,374,3rd
3332375,17,7,36,5.142857142857143,2nd
3332680,18,2,2,1,3rd
3332910,9,1,6,6,2nd
3333147,17,1,19,19,3rd
3333150,16,8,80,10,2nd
3333206,18,6,1269,211.5,2nd
3333602,22,2,45,22.5,3rd
3334028,18,6,1497,249.5,2nd
3334087,10,12,1270,105.83333333333333,1st
3334155,16,4,45,11.25,3rd
3334172,19,2,4,2,3rd
3334294,10,7,125,17.857142857142858,1st
3334514,9,5,130,26,2nd
3334670,23,1,52,52,3rd
3335131,17,1,42,42,3rd
3335269,17,7,354,50.57142857142857,2nd
3335484,11,2,56,28,2nd
3335652,15,9,121,13.444444444444445,2nd
3335933,18,6,318,53,2nd
3336218,23,1,5,5,3rd
3336245,7,2,10,5,2nd
3336263,16,3,12,4,3rd
3336530,7,5,205,41,2nd
3336550,20,3,29,9.666666666666666,3rd
3336689,19,2,5,2.5,3rd
3336723,16,1,4,4,3rd
3336760,13,1,2,2,2nd
3336840,15,2,3,1.5,3rd
3337064,19,5,207,41.4,3rd
3337268,18,1,20,20,3rd
3337880,21,1,2,2,3rd
3338174,15,6,145,24.166666666666668,2nd
3338177,12,1,7,7,2nd
3338574,9,1,1,1,2nd
3339256,8,2,3,1.5,2nd
3339295,8,5,131,26.2,2nd
3339363,12,12,67,5.583333333333333,1st
3339425,22,2,9,4.5,3rd
3339743,10,1,13,13,2nd
